0 0.0465 0.9628333333333333 0.006666666666666667 0.006666666666666667
0 0.035166666666666666 0.9391666666666667 0.006666666666666667 0.006666666666666667
0 0.035166666666666666 0.9525 0.006666666666666667 0.006666666666666667
0 0.14116666666666666 0.9895 0.006666666666666667 0.006666666666666667
0 0.19516666666666665 0.9695 0.006666666666666667 0.006666666666666667
0 0.1235 0.8591666666666666 0.006666666666666667 0.006666666666666667
0 0.15683333333333332 0.8401666666666666 0.006666666666666667 0.006666666666666667
0 0.23116666666666666 0.8561666666666666 0.006666666666666667 0.006666666666666667
0 0.2025 0.9961666666666666 0.006666666666666667 0.006666666666666667
0 0.3535 0.9158333333333334 0.006666666666666667 0.006666666666666667
0 0.3385 0.9135 0.006666666666666667 0.006666666666666667
0 0.3215 0.9595 0.006666666666666667 0.006666666666666667
0 0.2145 0.8281666666666667 0.006666666666666667 0.006666666666666667
0 0.20083333333333334 0.8161666666666667 0.006666666666666667 0.006666666666666667
0 0.2678333333333333 0.8551666666666666 0.006666666666666667 0.006666666666666667
0 0.2685 0.8425 0.006666666666666667 0.006666666666666667
0 0.2825 0.8091666666666667 0.006666666666666667 0.006666666666666667
0 0.3055 0.7905 0.006666666666666667 0.006666666666666667
0 0.051166666666666666 0.9378333333333333 0.006666666666666667 0.006666666666666667
0 0.06316666666666666 0.7945 0.006666666666666667 0.006666666666666667
0 0.0655 0.7415 0.006666666666666667 0.006666666666666667
0 0.020166666666666666 0.7111666666666666 0.006666666666666667 0.006666666666666667
0 0.1085 0.6355 0.006666666666666667 0.006666666666666667
0 0.24283333333333335 0.5178333333333334 0.006666666666666667 0.006666666666666667
0 0.22783333333333333 0.5065 0.006666666666666667 0.006666666666666667
0 0.2785 0.4841666666666667 0.006666666666666667 0.006666666666666667
0 0.2668333333333333 0.5258333333333334 0.006666666666666667 0.006666666666666667
0 0.2535 0.5398333333333334 0.006666666666666667 0.006666666666666667
0 0.1155 0.4111666666666667 0.006666666666666667 0.006666666666666667
0 0.0985 0.23116666666666666 0.006666666666666667 0.006666666666666667
0 0.0018333333333333333 0.011833333333333333 0.006666666666666667 0.006666666666666667
0 0.30583333333333335 0.11916666666666667 0.006666666666666667 0.006666666666666667
0 0.5775 0.035833333333333335 0.006666666666666667 0.006666666666666667
0 0.7448333333333333 0.18783333333333332 0.006666666666666667 0.006666666666666667
0 0.6971666666666667 0.17983333333333335 0.006666666666666667 0.006666666666666667
0 0.9821666666666666 0.14316666666666666 0.006666666666666667 0.006666666666666667
0 0.9961666666666666 0.1445 0.006666666666666667 0.006666666666666667
0 0.9905 0.05516666666666667 0.006666666666666667 0.006666666666666667
0 0.9655 0.04516666666666667 0.006666666666666667 0.006666666666666667
0 0.9125 0.09083333333333334 0.006666666666666667 0.006666666666666667
0 0.9195 0.25216666666666665 0.006666666666666667 0.006666666666666667
0 0.9105 0.23616666666666666 0.006666666666666667 0.006666666666666667
0 0.9025 0.23116666666666666 0.006666666666666667 0.006666666666666667
0 0.8741666666666666 0.2445 0.006666666666666667 0.006666666666666667
0 0.7815 0.24416666666666667 0.006666666666666667 0.006666666666666667
0 0.9071666666666667 0.3515 0.006666666666666667 0.006666666666666667
0 0.3035 0.6061666666666666 0.006666666666666667 0.006666666666666667
0 0.29883333333333334 0.5981666666666666 0.006666666666666667 0.006666666666666667
0 0.3348333333333333 0.5751666666666667 0.006666666666666667 0.006666666666666667
0 0.3458333333333333 0.5775 0.006666666666666667 0.006666666666666667
0 0.3491666666666667 0.5758333333333333 0.006666666666666667 0.006666666666666667
0 0.35483333333333333 0.5715 0.006666666666666667 0.006666666666666667
0 0.3505 0.5651666666666667 0.006666666666666667 0.006666666666666667
0 0.3448333333333333 0.5621666666666667 0.006666666666666667 0.006666666666666667
0 0.33616666666666667 0.5608333333333333 0.006666666666666667 0.006666666666666667
0 0.3275 0.5631666666666667 0.006666666666666667 0.006666666666666667
0 0.31816666666666665 0.5708333333333333 0.006666666666666667 0.006666666666666667
0 0.27516666666666667 0.5318333333333334 0.006666666666666667 0.006666666666666667
0 0.2791666666666667 0.5195 0.006666666666666667 0.006666666666666667
0 0.3928333333333333 0.6048333333333333 0.006666666666666667 0.006666666666666667
0 0.39916666666666667 0.5988333333333333 0.006666666666666667 0.006666666666666667
0 0.3805 0.5955 0.006666666666666667 0.006666666666666667
0 0.4165 0.5908333333333333 0.006666666666666667 0.006666666666666667
0 0.4115 0.5865 0.006666666666666667 0.006666666666666667
0 0.4025 0.5915 0.006666666666666667 0.006666666666666667
0 0.4015 0.5841666666666666 0.006666666666666667 0.006666666666666667
0 0.41983333333333334 0.5781666666666667 0.006666666666666667 0.006666666666666667
0 0.4155 0.5348333333333334 0.006666666666666667 0.006666666666666667
0 0.4095 0.5441666666666667 0.006666666666666667 0.006666666666666667
0 0.3915 0.5085 0.006666666666666667 0.006666666666666667
0 0.36983333333333335 0.5108333333333334 0.006666666666666667 0.006666666666666667
0 0.3725 0.5025 0.006666666666666667 0.006666666666666667
0 0.35783333333333334 0.5161666666666667 0.006666666666666667 0.006666666666666667
0 0.3268333333333333 0.5845 0.006666666666666667 0.006666666666666667
0 0.31283333333333335 0.6331666666666667 0.006666666666666667 0.006666666666666667
0 0.3258333333333333 0.6648333333333334 0.006666666666666667 0.006666666666666667
0 0.3235 0.6548333333333334 0.006666666666666667 0.006666666666666667
0 0.3328333333333333 0.7078333333333333 0.006666666666666667 0.006666666666666667
0 0.33616666666666667 0.7185 0.006666666666666667 0.006666666666666667
0 0.043833333333333335 0.9711666666666666 0.006666666666666667 0.006666666666666667
0 0.16283333333333333 0.9175 0.006666666666666667 0.006666666666666667
0 0.18816666666666668 0.8735 0.006666666666666667 0.006666666666666667
0 0.23383333333333334 0.9018333333333334 0.006666666666666667 0.006666666666666667
0 0.22916666666666666 0.9008333333333334 0.006666666666666667 0.006666666666666667
0 0.2645 0.8968333333333334 0.006666666666666667 0.006666666666666667
0 0.24883333333333332 0.8778333333333334 0.006666666666666667 0.006666666666666667
0 0.5041666666666667 0.7941666666666667 0.006666666666666667 0.006666666666666667
0 0.5025 0.7881666666666667 0.006666666666666667 0.006666666666666667
0 0.49783333333333335 0.7718333333333334 0.006666666666666667 0.006666666666666667
0 0.4735 0.7881666666666667 0.006666666666666667 0.006666666666666667
0 0.5091666666666667 0.7058333333333333 0.006666666666666667 0.006666666666666667
0 0.5178333333333334 0.7065 0.006666666666666667 0.006666666666666667
0 0.5298333333333334 0.7051666666666667 0.006666666666666667 0.006666666666666667
0 0.5445 0.7078333333333333 0.006666666666666667 0.006666666666666667
0 0.5241666666666667 0.6768333333333333 0.006666666666666667 0.006666666666666667
0 0.5598333333333333 0.6675 0.006666666666666667 0.006666666666666667
0 0.5998333333333333 0.8028333333333333 0.006666666666666667 0.006666666666666667
0 0.5808333333333333 0.8078333333333333 0.006666666666666667 0.006666666666666667
0 0.5875 0.7391666666666666 0.006666666666666667 0.006666666666666667
0 0.5805 0.7395 0.006666666666666667 0.006666666666666667
0 0.6198333333333333 0.7221666666666666 0.006666666666666667 0.006666666666666667
0 0.6278333333333334 0.7121666666666666 0.006666666666666667 0.006666666666666667
0 0.6225 0.6841666666666667 0.006666666666666667 0.006666666666666667
0 0.5451666666666667 0.7251666666666666 0.006666666666666667 0.006666666666666667
0 0.5398333333333334 0.7265 0.006666666666666667 0.006666666666666667
0 0.5558333333333333 0.7891666666666667 0.006666666666666667 0.006666666666666667
0 0.7241666666666666 0.8111666666666667 0.006666666666666667 0.006666666666666667
0 0.7188333333333333 0.8071666666666667 0.006666666666666667 0.006666666666666667
0 0.6645 0.8281666666666667 0.006666666666666667 0.006666666666666667
0 0.6595 0.8251666666666667 0.006666666666666667 0.006666666666666667
0 0.6581666666666667 0.8358333333333333 0.006666666666666667 0.006666666666666667
0 0.6338333333333334 0.8255 0.006666666666666667 0.006666666666666667
0 0.6245 0.8155 0.006666666666666667 0.006666666666666667
0 0.8148333333333333 0.9678333333333333 0.006666666666666667 0.006666666666666667
0 0.6891666666666667 0.9798333333333333 0.006666666666666667 0.006666666666666667
0 0.4525 0.45516666666666666 0.006666666666666667 0.006666666666666667
0 0.4425 0.44916666666666666 0.006666666666666667 0.006666666666666667
0 0.41783333333333333 0.41983333333333334 0.006666666666666667 0.006666666666666667
0 0.4028333333333333 0.4251666666666667 0.006666666666666667 0.006666666666666667
0 0.3675 0.42083333333333334 0.006666666666666667 0.006666666666666667
0 0.8765 0.3235 0.006666666666666667 0.006666666666666667
0 0.8408333333333333 0.3555 0.006666666666666667 0.006666666666666667
0 0.9911666666666666 0.33416666666666667 0.006666666666666667 0.006666666666666667
0 0.9641666666666666 0.3265 0.006666666666666667 0.006666666666666667
0 0.7261666666666666 0.08416666666666667 0.006666666666666667 0.006666666666666667
0 0.7311666666666666 0.0695 0.006666666666666667 0.006666666666666667
0 0.7478333333333333 0.06716666666666667 0.006666666666666667 0.006666666666666667
0 0.7591666666666667 0.001 0.006666666666666667 0.006666666666666667
0 0.8368333333333333 0.08516666666666667 0.006666666666666667 0.006666666666666667
0 0.8585 0.08983333333333333 0.006666666666666667 0.006666666666666667
0 0.8605 0.08516666666666667 0.006666666666666667 0.006666666666666667
0 0.9468333333333333 0.07983333333333334 0.006666666666666667 0.006666666666666667
0 0.9085 0.04583333333333333 0.006666666666666667 0.006666666666666667
0 0.8961666666666667 0.029833333333333333 0.006666666666666667 0.006666666666666667
0 0.8521666666666666 0.06883333333333333 0.006666666666666667 0.006666666666666667
0 0.8461666666666666 0.06916666666666667 0.006666666666666667 0.006666666666666667
0 0.7768333333333334 0.6751666666666667 0.006666666666666667 0.006666666666666667
0 0.7658333333333334 0.6261666666666666 0.006666666666666667 0.006666666666666667
0 0.7535 0.7921666666666667 0.006666666666666667 0.006666666666666667
0 0.7958333333333333 0.8091666666666667 0.006666666666666667 0.006666666666666667
0 0.6318333333333334 0.6581666666666667 0.006666666666666667 0.006666666666666667
0 0.6195 0.6278333333333334 0.006666666666666667 0.006666666666666667
0 0.6535 0.5975 0.006666666666666667 0.006666666666666667
0 0.5181666666666667 0.6898333333333333 0.006666666666666667 0.006666666666666667
0 0.5411666666666667 0.6795 0.006666666666666667 0.006666666666666667
0 0.5331666666666667 0.6815 0.006666666666666667 0.006666666666666667
0 0.5078333333333334 0.6865 0.006666666666666667 0.006666666666666667
0 0.5141666666666667 0.6731666666666667 0.006666666666666667 0.006666666666666667
0 0.4781666666666667 0.6605 0.006666666666666667 0.006666666666666667
0 0.4725 0.6858333333333333 0.006666666666666667 0.006666666666666667
0 0.4538333333333333 0.7335 0.006666666666666667 0.006666666666666667
0 0.5028333333333334 0.7411666666666666 0.006666666666666667 0.006666666666666667
0 0.6055 0.7725 0.006666666666666667 0.006666666666666667
0 0.6678333333333333 0.7768333333333334 0.006666666666666667 0.006666666666666667
0 0.5288333333333334 0.49516666666666664 0.006666666666666667 0.006666666666666667
0 0.5315 0.48083333333333333 0.006666666666666667 0.006666666666666667
0 0.5451666666666667 0.4835 0.006666666666666667 0.006666666666666667
0 0.5241666666666667 0.4755 0.006666666666666667 0.006666666666666667
0 0.4855 0.4835 0.006666666666666667 0.006666666666666667
0 0.4721666666666667 0.5608333333333333 0.006666666666666667 0.006666666666666667
0 0.4771666666666667 0.5861666666666666 0.006666666666666667 0.006666666666666667
0 0.42716666666666664 0.7321666666666666 0.006666666666666667 0.006666666666666667
0 0.4225 0.7228333333333333 0.006666666666666667 0.006666666666666667
0 0.3945 0.7321666666666666 0.006666666666666667 0.006666666666666667
0 0.3645 0.9925 0.006666666666666667 0.006666666666666667
0 0.3635 0.9845 0.006666666666666667 0.006666666666666667
0 0.13083333333333333 0.9521666666666667 0.006666666666666667 0.006666666666666667
0 0.0725 0.8845 0.006666666666666667 0.006666666666666667
0 0.07983333333333334 0.8888333333333334 0.006666666666666667 0.006666666666666667
0 0.32816666666666666 0.7518333333333334 0.006666666666666667 0.006666666666666667
0 0.2901666666666667 0.6881666666666667 0.006666666666666667 0.006666666666666667
0 0.2818333333333333 0.6765 0.006666666666666667 0.006666666666666667
0 0.2848333333333333 0.6675 0.006666666666666667 0.006666666666666667
0 0.2871666666666667 0.6605 0.006666666666666667 0.006666666666666667
0 0.3418333333333333 0.6175 0.006666666666666667 0.006666666666666667
0 0.3125 0.5408333333333334 0.006666666666666667 0.006666666666666667
0 0.33216666666666667 0.4535 0.006666666666666667 0.006666666666666667
0 0.3248333333333333 0.4515 0.006666666666666667 0.006666666666666667
0 0.2995 0.0028333333333333335 0.006666666666666667 0.006666666666666667
0 0.2851666666666667 0.005833333333333334 0.006666666666666667 0.006666666666666667
0 0.19916666666666666 0.06316666666666666 0.006666666666666667 0.006666666666666667
0 0.14316666666666666 0.16316666666666665 0.006666666666666667 0.006666666666666667
0 0.1455 0.4171666666666667 0.006666666666666667 0.006666666666666667
0 0.2165 0.3795 0.006666666666666667 0.006666666666666667
0 0.14783333333333334 0.4675 0.006666666666666667 0.006666666666666667
0 0.07983333333333334 0.5915 0.006666666666666667 0.006666666666666667
0 0.1855 0.6808333333333333 0.006666666666666667 0.006666666666666667
0 0.7091666666666666 0.7968333333333333 0.006666666666666667 0.006666666666666667
0 0.8091666666666667 0.8545 0.006666666666666667 0.006666666666666667
0 0.7825 0.8491666666666666 0.006666666666666667 0.006666666666666667
0 0.7765 0.8601666666666666 0.006666666666666667 0.006666666666666667
0 0.7455 0.8335 0.006666666666666667 0.006666666666666667
0 0.8891666666666667 0.8085 0.006666666666666667 0.006666666666666667
0 0.9675 0.9381666666666667 0.006666666666666667 0.006666666666666667
0 0.9558333333333333 0.9361666666666667 0.006666666666666667 0.006666666666666667
0 0.9848333333333333 0.7541666666666667 0.006666666666666667 0.006666666666666667
0 0.9445 0.7548333333333334 0.006666666666666667 0.006666666666666667
0 0.9301666666666667 0.7588333333333334 0.006666666666666667 0.006666666666666667
0 0.8775 0.7495 0.006666666666666667 0.006666666666666667
0 0.8798333333333334 0.7431666666666666 0.006666666666666667 0.006666666666666667
0 0.8845 0.7368333333333333 0.006666666666666667 0.006666666666666667
0 0.8828333333333334 0.6718333333333333 0.006666666666666667 0.006666666666666667
0 0.8495 0.6988333333333333 0.006666666666666667 0.006666666666666667
0 0.9095 0.6251666666666666 0.006666666666666667 0.006666666666666667
0 0.8525 0.6228333333333333 0.006666666666666667 0.006666666666666667
0 0.8348333333333333 0.5175 0.006666666666666667 0.006666666666666667
0 0.8228333333333333 0.5228333333333334 0.006666666666666667 0.006666666666666667
0 0.8315 0.3875 0.006666666666666667 0.006666666666666667
0 0.7695 0.44483333333333336 0.006666666666666667 0.006666666666666667
0 0.9461666666666667 0.3248333333333333 0.006666666666666667 0.006666666666666667
0 0.7708333333333334 0.07283333333333333 0.006666666666666667 0.006666666666666667
0 0.8301666666666667 0.16916666666666666 0.006666666666666667 0.006666666666666667
0 0.6901666666666667 0.3335 0.006666666666666667 0.006666666666666667
0 0.6835 0.3205 0.006666666666666667 0.006666666666666667
0 0.6625 0.32616666666666666 0.006666666666666667 0.006666666666666667
0 0.6235 0.3165 0.006666666666666667 0.006666666666666667
0 0.6608333333333334 0.30516666666666664 0.006666666666666667 0.006666666666666667
0 0.6611666666666667 0.31383333333333335 0.006666666666666667 0.006666666666666667
0 0.6831666666666667 0.30316666666666664 0.006666666666666667 0.006666666666666667
0 0.6741666666666667 0.2768333333333333 0.006666666666666667 0.006666666666666667
0 0.6995 0.2698333333333333 0.006666666666666667 0.006666666666666667
0 0.7211666666666666 0.2365 0.006666666666666667 0.006666666666666667
0 0.7281666666666666 0.22583333333333333 0.006666666666666667 0.006666666666666667
0 0.7471666666666666 0.22583333333333333 0.006666666666666667 0.006666666666666667
0 0.7048333333333333 0.2175 0.006666666666666667 0.006666666666666667
0 0.7058333333333333 0.2245 0.006666666666666667 0.006666666666666667
0 0.7035 0.2345 0.006666666666666667 0.006666666666666667
0 0.7648333333333334 0.16483333333333333 0.006666666666666667 0.006666666666666667
0 0.7575 0.17683333333333334 0.006666666666666667 0.006666666666666667
0 0.7721666666666667 0.16516666666666666 0.006666666666666667 0.006666666666666667
0 0.7795 0.16483333333333333 0.006666666666666667 0.006666666666666667
0 0.7918333333333333 0.14916666666666667 0.006666666666666667 0.006666666666666667
0 0.7845 0.1545 0.006666666666666667 0.006666666666666667
0 0.8141666666666667 0.12783333333333333 0.006666666666666667 0.006666666666666667
0 0.7251666666666666 0.2981666666666667 0.006666666666666667 0.006666666666666667
0 0.7065 0.29983333333333334 0.006666666666666667 0.006666666666666667
0 0.6598333333333334 0.5818333333333333 0.006666666666666667 0.006666666666666667
0 0.6565 0.5681666666666667 0.006666666666666667 0.006666666666666667
0 0.6615 0.5568333333333333 0.006666666666666667 0.006666666666666667
0 0.6438333333333334 0.5435 0.006666666666666667 0.006666666666666667
0 0.6375 0.5431666666666667 0.006666666666666667 0.006666666666666667
0 0.6258333333333334 0.5318333333333334 0.006666666666666667 0.006666666666666667
0 0.6265 0.5445 0.006666666666666667 0.006666666666666667
0 0.6071666666666666 0.5148333333333334 0.006666666666666667 0.006666666666666667
0 0.5998333333333333 0.5225 0.006666666666666667 0.006666666666666667
0 0.6911666666666667 0.6548333333333334 0.006666666666666667 0.006666666666666667
0 0.6851666666666667 0.6758333333333333 0.006666666666666667 0.006666666666666667
0 0.6878333333333333 0.6685 0.006666666666666667 0.006666666666666667
0 0.7031666666666667 0.6761666666666667 0.006666666666666667 0.006666666666666667
0 0.6438333333333334 0.6625 0.006666666666666667 0.006666666666666667
0 0.5461666666666667 0.6545 0.006666666666666667 0.006666666666666667
0 0.5391666666666667 0.6508333333333334 0.006666666666666667 0.006666666666666667
0 0.5325 0.6535 0.006666666666666667 0.006666666666666667
0 0.5595 0.7771666666666667 0.006666666666666667 0.006666666666666667
0 0.6318333333333334 0.7868333333333334 0.006666666666666667 0.006666666666666667
0 0.6348333333333334 0.8041666666666667 0.006666666666666667 0.006666666666666667
0 0.7068333333333333 0.7431666666666666 0.006666666666666667 0.006666666666666667
0 0.7178333333333333 0.7158333333333333 0.006666666666666667 0.006666666666666667
0 0.7235 0.6745 0.006666666666666667 0.006666666666666667
0 0.7188333333333333 0.8915 0.006666666666666667 0.006666666666666667
0 0.6998333333333333 0.8841666666666667 0.006666666666666667 0.006666666666666667
0 0.6841666666666667 0.8875 0.006666666666666667 0.006666666666666667
0 0.8508333333333333 0.9818333333333333 0.006666666666666667 0.006666666666666667
0 0.9598333333333333 0.8608333333333333 0.006666666666666667 0.006666666666666667
0 0.8191666666666667 0.8211666666666667 0.006666666666666667 0.006666666666666667
0 0.8138333333333333 0.8208333333333333 0.006666666666666667 0.006666666666666667
0 0.8181666666666667 0.9205 0.006666666666666667 0.006666666666666667
0 0.8111666666666667 0.8408333333333333 0.006666666666666667 0.006666666666666667
0 0.9648333333333333 0.7531666666666667 0.006666666666666667 0.006666666666666667
0 0.9645 0.8311666666666667 0.006666666666666667 0.006666666666666667
0 0.8728333333333333 0.7638333333333334 0.006666666666666667 0.006666666666666667
0 0.9668333333333333 0.6825 0.006666666666666667 0.006666666666666667
0 0.9088333333333334 0.6425 0.006666666666666667 0.006666666666666667
0 0.9085 0.6448333333333334 0.006666666666666667 0.006666666666666667
0 0.8868333333333334 0.6325 0.006666666666666667 0.006666666666666667
0 0.7925 0.5771666666666667 0.006666666666666667 0.006666666666666667
0 0.7781666666666667 0.7118333333333333 0.006666666666666667 0.006666666666666667
0 0.6728333333333333 0.6278333333333334 0.006666666666666667 0.006666666666666667
0 0.7168333333333333 0.6475 0.006666666666666667 0.006666666666666667
0 0.9708333333333333 0.7198333333333333 0.006666666666666667 0.006666666666666667
0 0.8268333333333333 0.7215 0.006666666666666667 0.006666666666666667
0 0.7995 0.7188333333333333 0.006666666666666667 0.006666666666666667
0 0.9635 0.8218333333333333 0.006666666666666667 0.006666666666666667
0 0.9918333333333333 0.8051666666666667 0.006666666666666667 0.006666666666666667
0 0.9655 0.7018333333333333 0.006666666666666667 0.006666666666666667
0 0.9385 0.6791666666666667 0.006666666666666667 0.006666666666666667
0 0.7865 0.2045 0.006666666666666667 0.006666666666666667
0 0.9421666666666667 0.2245 0.006666666666666667 0.006666666666666667
0 0.9768333333333333 0.18816666666666668 0.006666666666666667 0.006666666666666667
0 0.9341666666666667 0.09716666666666667 0.006666666666666667 0.006666666666666667
0 0.9185 0.10016666666666667 0.006666666666666667 0.006666666666666667
0 0.8968333333333334 0.09816666666666667 0.006666666666666667 0.006666666666666667
0 0.8881666666666667 0.0645 0.006666666666666667 0.006666666666666667
0 0.7995 0.20716666666666667 0.006666666666666667 0.006666666666666667
0 0.7135 0.17216666666666666 0.006666666666666667 0.006666666666666667
0 0.7068333333333333 0.17883333333333334 0.006666666666666667 0.006666666666666667
0 0.47483333333333333 0.11983333333333333 0.006666666666666667 0.006666666666666667
0 0.12283333333333334 0.2485 0.006666666666666667 0.006666666666666667
0 0.10983333333333334 0.2415 0.006666666666666667 0.006666666666666667
0 0.10016666666666667 0.2405 0.006666666666666667 0.006666666666666667
0 0.015833333333333335 0.24483333333333332 0.006666666666666667 0.006666666666666667
0 0.09083333333333334 0.19983333333333334 0.006666666666666667 0.006666666666666667
0 0.08016666666666666 0.1965 0.006666666666666667 0.006666666666666667
0 0.004833333333333334 0.1285 0.006666666666666667 0.006666666666666667
0 0.21083333333333334 0.1215 0.006666666666666667 0.006666666666666667
0 0.43816666666666665 0.3358333333333333 0.006666666666666667 0.006666666666666667
0 0.4385 0.3225 0.006666666666666667 0.006666666666666667
0 0.29883333333333334 0.4785 0.006666666666666667 0.006666666666666667
0 0.3085 0.4685 0.006666666666666667 0.006666666666666667
0 0.37283333333333335 0.4548333333333333 0.006666666666666667 0.006666666666666667
0 0.2675 0.42383333333333334 0.006666666666666667 0.006666666666666667
0 0.18683333333333332 0.4865 0.006666666666666667 0.006666666666666667
0 0.16483333333333333 0.4701666666666667 0.006666666666666667 0.006666666666666667
0 0.1865 0.7198333333333333 0.006666666666666667 0.006666666666666667
0 0.09516666666666666 0.8155 0.006666666666666667 0.006666666666666667
0 0.07883333333333334 0.8105 0.006666666666666667 0.006666666666666667
0 0.3045 0.8485 0.006666666666666667 0.006666666666666667
0 0.3065 0.8551666666666666 0.006666666666666667 0.006666666666666667
0 0.31416666666666665 0.7971666666666667 0.006666666666666667 0.006666666666666667
0 0.8778333333333334 0.10416666666666667 0.006666666666666667 0.006666666666666667
0 0.8838333333333334 0.09283333333333334 0.006666666666666667 0.006666666666666667
0 0.5758333333333333 0.37683333333333335 0.006666666666666667 0.006666666666666667
0 0.5948333333333333 0.37683333333333335 0.006666666666666667 0.006666666666666667
0 0.5961666666666666 0.3945 0.006666666666666667 0.006666666666666667
0 0.5775 0.39216666666666666 0.006666666666666667 0.006666666666666667
0 0.5655 0.3641666666666667 0.006666666666666667 0.006666666666666667
0 0.5565 0.37283333333333335 0.006666666666666667 0.006666666666666667
0 0.5761666666666667 0.3475 0.006666666666666667 0.006666666666666667
0 0.5695 0.3495 0.006666666666666667 0.006666666666666667
0 0.5955 0.3615 0.006666666666666667 0.006666666666666667
0 0.6035 0.3561666666666667 0.006666666666666667 0.006666666666666667
0 0.5841666666666666 0.36383333333333334 0.006666666666666667 0.006666666666666667
0 0.6495 0.35083333333333333 0.006666666666666667 0.006666666666666667
0 0.6928333333333333 0.3625 0.006666666666666667 0.006666666666666667
0 0.7078333333333333 0.3515 0.006666666666666667 0.006666666666666667
0 0.7291666666666666 0.3635 0.006666666666666667 0.006666666666666667
0 0.7295 0.3955 0.006666666666666667 0.006666666666666667
0 0.7091666666666666 0.3985 0.006666666666666667 0.006666666666666667
0 0.7198333333333333 0.4751666666666667 0.006666666666666667 0.006666666666666667
0 0.7371666666666666 0.5818333333333333 0.006666666666666667 0.006666666666666667
0 0.7255 0.5568333333333333 0.006666666666666667 0.006666666666666667
0 0.7858333333333334 0.5845 0.006666666666666667 0.006666666666666667
0 0.7178333333333333 0.6325 0.006666666666666667 0.006666666666666667
0 0.7295 0.8298333333333333 0.006666666666666667 0.006666666666666667
0 0.7718333333333334 0.7735 0.006666666666666667 0.006666666666666667
0 0.8491666666666666 0.8391666666666666 0.006666666666666667 0.006666666666666667
0 0.6978333333333333 0.33416666666666667 0.006666666666666667 0.006666666666666667
0 0.7038333333333333 0.3295 0.006666666666666667 0.006666666666666667
0 0.6515 0.29983333333333334 0.006666666666666667 0.006666666666666667
0 0.6428333333333334 0.30783333333333335 0.006666666666666667 0.006666666666666667
0 0.6331666666666667 0.3085 0.006666666666666667 0.006666666666666667
0 0.6171666666666666 0.22383333333333333 0.006666666666666667 0.006666666666666667
0 0.7201666666666666 0.006166666666666667 0.006666666666666667 0.006666666666666667
0 0.7255 0.004166666666666667 0.006666666666666667 0.006666666666666667
0 0.8285 0.0115 0.006666666666666667 0.006666666666666667
0 0.6505 0.050166666666666665 0.006666666666666667 0.006666666666666667
0 0.7358333333333333 0.8918333333333334 0.006666666666666667 0.006666666666666667
0 0.7415 0.8878333333333334 0.006666666666666667 0.006666666666666667
0 0.8481666666666666 0.9958333333333333 0.006666666666666667 0.006666666666666667
0 0.8238333333333333 0.9798333333333333 0.006666666666666667 0.006666666666666667
0 0.8811666666666667 0.9795 0.006666666666666667 0.006666666666666667
0 0.8788333333333334 0.9681666666666666 0.006666666666666667 0.006666666666666667
0 0.8481666666666666 0.9181666666666667 0.006666666666666667 0.006666666666666667
0 0.8418333333333333 0.9261666666666667 0.006666666666666667 0.006666666666666667
0 0.8701666666666666 0.8861666666666667 0.006666666666666667 0.006666666666666667
0 0.8485 0.8045 0.006666666666666667 0.006666666666666667
0 0.8125 0.7975 0.006666666666666667 0.006666666666666667
0 0.7545 0.7758333333333334 0.006666666666666667 0.006666666666666667
0 0.7465 0.7768333333333334 0.006666666666666667 0.006666666666666667
0 0.7528333333333334 0.7668333333333334 0.006666666666666667 0.006666666666666667
0 0.7661666666666667 0.7575 0.006666666666666667 0.006666666666666667
0 0.8291666666666667 0.6921666666666667 0.006666666666666667 0.006666666666666667
0 0.8391666666666666 0.6868333333333333 0.006666666666666667 0.006666666666666667
0 0.8341666666666666 0.6575 0.006666666666666667 0.006666666666666667
0 0.7831666666666667 0.6745 0.006666666666666667 0.006666666666666667
0 0.5451666666666667 0.3948333333333333 0.006666666666666667 0.006666666666666667
0 0.5241666666666667 0.38316666666666666 0.006666666666666667 0.006666666666666667
0 0.49283333333333335 0.38616666666666666 0.006666666666666667 0.006666666666666667
0 0.4875 0.38383333333333336 0.006666666666666667 0.006666666666666667
0 0.4721666666666667 0.3755 0.006666666666666667 0.006666666666666667
0 0.4695 0.36983333333333335 0.006666666666666667 0.006666666666666667
0 0.4875 0.3551666666666667 0.006666666666666667 0.006666666666666667
0 0.5285 0.35783333333333334 0.006666666666666667 0.006666666666666667
0 0.5918333333333333 0.3581666666666667 0.006666666666666667 0.006666666666666667
0 0.6011666666666666 0.3475 0.006666666666666667 0.006666666666666667
0 0.5958333333333333 0.4465 0.006666666666666667 0.006666666666666667
0 0.5535 0.44183333333333336 0.006666666666666667 0.006666666666666667
0 0.6055 0.43983333333333335 0.006666666666666667 0.006666666666666667
0 0.6161666666666666 0.4445 0.006666666666666667 0.006666666666666667
0 0.6121666666666666 0.4935 0.006666666666666667 0.006666666666666667
0 0.6135 0.5735 0.006666666666666667 0.006666666666666667
0 0.6098333333333333 0.5611666666666667 0.006666666666666667 0.006666666666666667
0 0.8211666666666667 0.4675 0.006666666666666667 0.006666666666666667
0 0.8478333333333333 0.4425 0.006666666666666667 0.006666666666666667
0 0.7611666666666667 0.3918333333333333 0.006666666666666667 0.006666666666666667
0 0.8548333333333333 0.31683333333333336 0.006666666666666667 0.006666666666666667
0 0.5495 0.5125 0.006666666666666667 0.006666666666666667
0 0.5428333333333333 0.5008333333333334 0.006666666666666667 0.006666666666666667
0 0.4861666666666667 0.5068333333333334 0.006666666666666667 0.006666666666666667
0 0.08983333333333333 0.5905 0.006666666666666667 0.006666666666666667
0 0.11783333333333333 0.5451666666666667 0.006666666666666667 0.006666666666666667
0 0.11416666666666667 0.5531666666666667 0.006666666666666667 0.006666666666666667
0 0.1075 0.5405 0.006666666666666667 0.006666666666666667
0 0.1635 0.38716666666666666 0.006666666666666667 0.006666666666666667
0 0.09716666666666667 0.38716666666666666 0.006666666666666667 0.006666666666666667
0 0.08983333333333333 0.3895 0.006666666666666667 0.006666666666666667
0 0.0085 0.0095 0.006666666666666667 0.006666666666666667
0 0.8291666666666667 0.4665 0.006666666666666667 0.006666666666666667
0 0.7885 0.47583333333333333 0.006666666666666667 0.006666666666666667
0 0.9071666666666667 0.5575 0.006666666666666667 0.006666666666666667
0 0.5141666666666667 0.5888333333333333 0.006666666666666667 0.006666666666666667
0 0.5368333333333334 0.5995 0.006666666666666667 0.006666666666666667
0 0.5198333333333334 0.6045 0.006666666666666667 0.006666666666666667
0 0.5058333333333334 0.6098333333333333 0.006666666666666667 0.006666666666666667
0 0.5008333333333334 0.6025 0.006666666666666667 0.006666666666666667
0 0.5805 0.6258333333333334 0.006666666666666667 0.006666666666666667
0 0.8805 0.6911666666666667 0.006666666666666667 0.006666666666666667
0 0.8511666666666666 0.6858333333333333 0.006666666666666667 0.006666666666666667
0 0.9528333333333333 0.8821666666666667 0.006666666666666667 0.006666666666666667
0 0.9175 0.6388333333333334 0.006666666666666667 0.006666666666666667
0 0.8925 0.6388333333333334 0.006666666666666667 0.006666666666666667
0 0.4455 0.4881666666666667 0.006666666666666667 0.006666666666666667
0 0.4871666666666667 0.6618333333333334 0.006666666666666667 0.006666666666666667
0 0.43916666666666665 0.6575 0.006666666666666667 0.006666666666666667
0 0.9918333333333333 0.7251666666666666 0.006666666666666667 0.006666666666666667
0 0.8731666666666666 0.19783333333333333 0.006666666666666667 0.006666666666666667
0 0.8278333333333333 0.5878333333333333 0.006666666666666667 0.006666666666666667
0 0.8018333333333333 0.5768333333333333 0.006666666666666667 0.006666666666666667
0 0.6415 0.4131666666666667 0.006666666666666667 0.006666666666666667
0 0.7165 0.4095 0.006666666666666667 0.006666666666666667
0 0.8625 0.5178333333333334 0.006666666666666667 0.006666666666666667
0 0.4005 0.8178333333333333 0.006666666666666667 0.006666666666666667
0 0.38016666666666665 0.8231666666666667 0.006666666666666667 0.006666666666666667
0 0.2915 0.9078333333333334 0.006666666666666667 0.006666666666666667
0 0.4135 0.6911666666666667 0.006666666666666667 0.006666666666666667
0 0.43183333333333335 0.6785 0.006666666666666667 0.006666666666666667
0 0.42483333333333334 0.6718333333333333 0.006666666666666667 0.006666666666666667
0 0.41983333333333334 0.6671666666666667 0.006666666666666667 0.006666666666666667
0 0.43916666666666665 0.6768333333333333 0.006666666666666667 0.006666666666666667
0 0.4235 0.6818333333333333 0.006666666666666667 0.006666666666666667
0 0.4191666666666667 0.6855 0.006666666666666667 0.006666666666666667
0 0.4945 0.7698333333333334 0.006666666666666667 0.006666666666666667
0 0.4845 0.7705 0.006666666666666667 0.006666666666666667
0 0.35783333333333334 0.6291666666666667 0.006666666666666667 0.006666666666666667
0 0.3485 0.6361666666666667 0.006666666666666667 0.006666666666666667
0 0.3635 0.6428333333333334 0.006666666666666667 0.006666666666666667
0 0.35283333333333333 0.6551666666666667 0.006666666666666667 0.006666666666666667
0 0.3525 0.6651666666666667 0.006666666666666667 0.006666666666666667
0 0.3385 0.6635 0.006666666666666667 0.006666666666666667
0 0.3335 0.6555 0.006666666666666667 0.006666666666666667
0 0.3295 0.6241666666666666 0.006666666666666667 0.006666666666666667
0 0.32116666666666666 0.6145 0.006666666666666667 0.006666666666666667
0 0.31416666666666665 0.6095 0.006666666666666667 0.006666666666666667
0 0.31883333333333336 0.6208333333333333 0.006666666666666667 0.006666666666666667
0 0.3185 0.6271666666666667 0.006666666666666667 0.006666666666666667
0 0.4895 0.5798333333333333 0.006666666666666667 0.006666666666666667
0 0.5068333333333334 0.5751666666666667 0.006666666666666667 0.006666666666666667
0 0.4811666666666667 0.5458333333333333 0.006666666666666667 0.006666666666666667
0 0.6088333333333333 0.6938333333333333 0.006666666666666667 0.006666666666666667
0 0.6141666666666666 0.6751666666666667 0.006666666666666667 0.006666666666666667
0 0.7838333333333334 0.6271666666666667 0.006666666666666667 0.006666666666666667
0 0.5521666666666667 0.5038333333333334 0.006666666666666667 0.006666666666666667
0 0.5621666666666667 0.49616666666666664 0.006666666666666667 0.006666666666666667
0 0.5521666666666667 0.49383333333333335 0.006666666666666667 0.006666666666666667
0 0.5421666666666667 0.5078333333333334 0.006666666666666667 0.006666666666666667
0 0.6851666666666667 0.38316666666666666 0.006666666666666667 0.006666666666666667
0 0.7985 0.39016666666666666 0.006666666666666667 0.006666666666666667
0 0.7895 0.42483333333333334 0.006666666666666667 0.006666666666666667
0 0.7181666666666666 0.43183333333333335 0.006666666666666667 0.006666666666666667
0 0.7135 0.32116666666666666 0.006666666666666667 0.006666666666666667
0 0.7028333333333333 0.31916666666666665 0.006666666666666667 0.006666666666666667
0 0.6908333333333333 0.30916666666666665 0.006666666666666667 0.006666666666666667
0 0.7415 0.2895 0.006666666666666667 0.006666666666666667
0 0.6528333333333334 0.2811666666666667 0.006666666666666667 0.006666666666666667
0 0.6805 0.2725 0.006666666666666667 0.006666666666666667
0 0.6548333333333334 0.23283333333333334 0.006666666666666667 0.006666666666666667
0 0.6595 0.2445 0.006666666666666667 0.006666666666666667
0 0.6445 0.25983333333333336 0.006666666666666667 0.006666666666666667
0 0.6291666666666667 0.25283333333333335 0.006666666666666667 0.006666666666666667
0 0.7018333333333333 0.20083333333333334 0.006666666666666667 0.006666666666666667
0 0.7175 0.20816666666666667 0.006666666666666667 0.006666666666666667
0 0.5571666666666667 0.3655 0.006666666666666667 0.006666666666666667
0 0.5468333333333333 0.30583333333333335 0.006666666666666667 0.006666666666666667
0 0.3625 0.38816666666666666 0.006666666666666667 0.006666666666666667
0 0.35083333333333333 0.38183333333333336 0.006666666666666667 0.006666666666666667
0 0.4355 0.3478333333333333 0.006666666666666667 0.006666666666666667
0 0.44116666666666665 0.41383333333333333 0.006666666666666667 0.006666666666666667
0 0.4745 0.42883333333333334 0.006666666666666667 0.006666666666666667
0 0.4101666666666667 0.3401666666666667 0.006666666666666667 0.006666666666666667
0 0.4375 0.2865 0.006666666666666667 0.006666666666666667
0 0.4181666666666667 0.44483333333333336 0.006666666666666667 0.006666666666666667
0 0.2495 0.5258333333333334 0.006666666666666667 0.006666666666666667
0 0.25616666666666665 0.5751666666666667 0.006666666666666667 0.006666666666666667
0 0.2475 0.5601666666666667 0.006666666666666667 0.006666666666666667
0 0.24683333333333332 0.5971666666666666 0.006666666666666667 0.006666666666666667
0 0.23283333333333334 0.5621666666666667 0.006666666666666667 0.006666666666666667
0 0.2715 0.5745 0.006666666666666667 0.006666666666666667
0 0.2105 0.6561666666666667 0.006666666666666667 0.006666666666666667
0 0.1425 0.6558333333333334 0.006666666666666667 0.006666666666666667
0 0.13516666666666666 0.5325 0.006666666666666667 0.006666666666666667
0 0.2255 0.5625 0.006666666666666667 0.006666666666666667
0 0.2085 0.5678333333333333 0.006666666666666667 0.006666666666666667
0 0.20916666666666667 0.5678333333333333 0.006666666666666667 0.006666666666666667
0 0.20183333333333334 0.5921666666666666 0.006666666666666667 0.006666666666666667
0 0.15183333333333332 0.49816666666666665 0.006666666666666667 0.006666666666666667
0 0.14616666666666667 0.49983333333333335 0.006666666666666667 0.006666666666666667
0 0.12716666666666668 0.5081666666666667 0.006666666666666667 0.006666666666666667
0 0.31383333333333335 0.4755 0.006666666666666667 0.006666666666666667
0 0.3055 0.47783333333333333 0.006666666666666667 0.006666666666666667
0 0.28783333333333333 0.5005 0.006666666666666667 0.006666666666666667
0 0.33116666666666666 0.4915 0.006666666666666667 0.006666666666666667
0 0.3368333333333333 0.5145 0.006666666666666667 0.006666666666666667
0 0.36983333333333335 0.49616666666666664 0.006666666666666667 0.006666666666666667
0 0.2901666666666667 0.5565 0.006666666666666667 0.006666666666666667
0 0.29383333333333334 0.5481666666666667 0.006666666666666667 0.006666666666666667
0 0.2975 0.5405 0.006666666666666667 0.006666666666666667
0 0.3481666666666667 0.48683333333333334 0.006666666666666667 0.006666666666666667
0 0.4891666666666667 0.5515 0.006666666666666667 0.006666666666666667
0 0.4985 0.5325 0.006666666666666667 0.006666666666666667
0 0.48783333333333334 0.5275 0.006666666666666667 0.006666666666666667
0 0.4765 0.5381666666666667 0.006666666666666667 0.006666666666666667
0 0.4555 0.6375 0.006666666666666667 0.006666666666666667
0 0.46116666666666667 0.6331666666666667 0.006666666666666667 0.006666666666666667
0 0.48083333333333333 0.7478333333333333 0.006666666666666667 0.006666666666666667
0 0.5395 0.8095 0.006666666666666667 0.006666666666666667
0 0.5315 0.8115 0.006666666666666667 0.006666666666666667
0 0.5275 0.8121666666666667 0.006666666666666667 0.006666666666666667
0 0.9608333333333333 0.8361666666666666 0.006666666666666667 0.006666666666666667
0 0.9395 0.7478333333333333 0.006666666666666667 0.006666666666666667
0 0.8575 0.6488333333333334 0.006666666666666667 0.006666666666666667
0 0.8711666666666666 0.6211666666666666 0.006666666666666667 0.006666666666666667
0 0.8591666666666666 0.6278333333333334 0.006666666666666667 0.006666666666666667
0 0.8598333333333333 0.6148333333333333 0.006666666666666667 0.006666666666666667
0 0.8168333333333333 0.6395 0.006666666666666667 0.006666666666666667
0 0.8115 0.6455 0.006666666666666667 0.006666666666666667
0 0.7991666666666667 0.6071666666666666 0.006666666666666667 0.006666666666666667
0 0.7901666666666667 0.6255 0.006666666666666667 0.006666666666666667
0 0.9918333333333333 0.4725 0.006666666666666667 0.006666666666666667
0 0.9775 0.4335 0.006666666666666667 0.006666666666666667
0 0.9821666666666666 0.42183333333333334 0.006666666666666667 0.006666666666666667
0 0.9291666666666667 0.30183333333333334 0.006666666666666667 0.006666666666666667
0 0.8711666666666666 0.21916666666666668 0.006666666666666667 0.006666666666666667
0 0.8418333333333333 0.22283333333333333 0.006666666666666667 0.006666666666666667
0 0.7601666666666667 0.25883333333333336 0.006666666666666667 0.006666666666666667
0 0.8958333333333334 0.059166666666666666 0.006666666666666667 0.006666666666666667
0 0.9258333333333333 0.03816666666666667 0.006666666666666667 0.006666666666666667
0 0.9161666666666667 0.0405 0.006666666666666667 0.006666666666666667
0 0.9761666666666666 0.04416666666666667 0.006666666666666667 0.006666666666666667
0 0.9338333333333333 0.07983333333333334 0.006666666666666667 0.006666666666666667
0 0.9371666666666667 0.07316666666666667 0.006666666666666667 0.006666666666666667
0 0.9331666666666667 0.0915 0.006666666666666667 0.006666666666666667
0 0.9005 0.0705 0.006666666666666667 0.006666666666666667
0 0.8368333333333333 0.016833333333333332 0.006666666666666667 0.006666666666666667
0 0.8048333333333333 0.022166666666666668 0.006666666666666667 0.006666666666666667
0 0.8015 0.0135 0.006666666666666667 0.006666666666666667
0 0.8591666666666666 0.004833333333333334 0.006666666666666667 0.006666666666666667
0 0.8251666666666667 0.041833333333333333 0.006666666666666667 0.006666666666666667
0 0.8128333333333333 0.044833333333333336 0.006666666666666667 0.006666666666666667
0 0.8161666666666667 0.051833333333333335 0.006666666666666667 0.006666666666666667
0 0.7938333333333333 0.04516666666666667 0.006666666666666667 0.006666666666666667
0 0.8195 0.06583333333333333 0.006666666666666667 0.006666666666666667
0 0.7531666666666667 0.027166666666666665 0.006666666666666667 0.006666666666666667
0 0.7618333333333334 0.35183333333333333 0.006666666666666667 0.006666666666666667
0 0.7478333333333333 0.3481666666666667 0.006666666666666667 0.006666666666666667
0 0.9515 0.5325 0.006666666666666667 0.006666666666666667
0 0.8621666666666666 0.7265 0.006666666666666667 0.006666666666666667
0 0.8478333333333333 0.7741666666666667 0.006666666666666667 0.006666666666666667
0 0.6548333333333334 0.7438333333333333 0.006666666666666667 0.006666666666666667
0 0.5401666666666667 0.8151666666666667 0.006666666666666667 0.006666666666666667
0 0.5308333333333334 0.8271666666666667 0.006666666666666667 0.006666666666666667
0 0.4161666666666667 0.7501666666666666 0.006666666666666667 0.006666666666666667
0 0.3905 0.8925 0.006666666666666667 0.006666666666666667
0 0.35083333333333333 0.9491666666666667 0.006666666666666667 0.006666666666666667
0 0.3641666666666667 0.9548333333333333 0.006666666666666667 0.006666666666666667
0 0.39616666666666667 0.9898333333333333 0.006666666666666667 0.006666666666666667
0 0.33816666666666667 0.9445 0.006666666666666667 0.006666666666666667
0 0.21783333333333332 0.9415 0.006666666666666667 0.006666666666666667
0 0.2135 0.9291666666666667 0.006666666666666667 0.006666666666666667
0 0.2015 0.8855 0.006666666666666667 0.006666666666666667
0 0.23483333333333334 0.8715 0.006666666666666667 0.006666666666666667
0 0.3278333333333333 0.4115 0.006666666666666667 0.006666666666666667
0 0.36383333333333334 0.15316666666666667 0.006666666666666667 0.006666666666666667
0 0.8741666666666666 0.0295 0.006666666666666667 0.006666666666666667
0 0.8515 0.024833333333333332 0.006666666666666667 0.006666666666666667
0 0.9565 0.09983333333333333 0.006666666666666667 0.006666666666666667
0 0.8255 0.1515 0.006666666666666667 0.006666666666666667
0 0.8131666666666667 0.21016666666666667 0.006666666666666667 0.006666666666666667
0 0.8158333333333333 0.25716666666666665 0.006666666666666667 0.006666666666666667
0 0.6535 0.6381666666666667 0.006666666666666667 0.006666666666666667
0 0.6238333333333334 0.5898333333333333 0.006666666666666667 0.006666666666666667
0 0.6655 0.6308333333333334 0.006666666666666667 0.006666666666666667
0 0.7211666666666666 0.5808333333333333 0.006666666666666667 0.006666666666666667
0 0.7211666666666666 0.5965 0.006666666666666667 0.006666666666666667
0 0.7408333333333333 0.6465 0.006666666666666667 0.006666666666666667
0 0.7478333333333333 0.6401666666666667 0.006666666666666667 0.006666666666666667
0 0.7868333333333334 0.6471666666666667 0.006666666666666667 0.006666666666666667
0 0.6328333333333334 0.8495 0.006666666666666667 0.006666666666666667
0 0.6238333333333334 0.8501666666666666 0.006666666666666667 0.006666666666666667
0 0.6088333333333333 0.8465 0.006666666666666667 0.006666666666666667
0 0.5985 0.8401666666666666 0.006666666666666667 0.006666666666666667
0 0.6468333333333334 0.8375 0.006666666666666667 0.006666666666666667
0 0.6548333333333334 0.8211666666666667 0.006666666666666667 0.006666666666666667
0 0.8655 0.9838333333333333 0.006666666666666667 0.006666666666666667
0 0.8011666666666667 0.43916666666666665 0.006666666666666667 0.006666666666666667
0 0.7301666666666666 0.09583333333333334 0.006666666666666667 0.006666666666666667
0 0.8481666666666666 0.018833333333333334 0.006666666666666667 0.006666666666666667
0 0.6038333333333333 0.6455 0.006666666666666667 0.006666666666666667
0 0.6158333333333333 0.6528333333333334 0.006666666666666667 0.006666666666666667
0 0.5915 0.6428333333333334 0.006666666666666667 0.006666666666666667
0 0.5875 0.7285 0.006666666666666667 0.006666666666666667
0 0.5598333333333333 0.7311666666666666 0.006666666666666667 0.006666666666666667
0 0.5585 0.7405 0.006666666666666667 0.006666666666666667
0 0.5635 0.8025 0.006666666666666667 0.006666666666666667
0 0.5751666666666667 0.7955 0.006666666666666667 0.006666666666666667
0 0.5788333333333333 0.8021666666666667 0.006666666666666667 0.006666666666666667
0 0.5555 0.8061666666666667 0.006666666666666667 0.006666666666666667
0 0.5485 0.8085 0.006666666666666667 0.006666666666666667
0 0.6025 0.7788333333333334 0.006666666666666667 0.006666666666666667
0 0.5718333333333333 0.7478333333333333 0.006666666666666667 0.006666666666666667
0 0.7155 0.7721666666666667 0.006666666666666667 0.006666666666666667
0 0.7445 0.8415 0.006666666666666667 0.006666666666666667
0 0.8065 0.9845 0.006666666666666667 0.006666666666666667
0 0.6745 0.5911666666666666 0.006666666666666667 0.006666666666666667
0 0.6811666666666667 0.5775 0.006666666666666667 0.006666666666666667
0 0.6871666666666667 0.5735 0.006666666666666667 0.006666666666666667
0 0.6351666666666667 0.5305 0.006666666666666667 0.006666666666666667
0 0.6135 0.5151666666666667 0.006666666666666667 0.006666666666666667
0 0.6361666666666667 0.4845 0.006666666666666667 0.006666666666666667
0 0.5548333333333333 0.2595 0.006666666666666667 0.006666666666666667
0 0.5925 0.2931666666666667 0.006666666666666667 0.006666666666666667
0 0.5505 0.2765 0.006666666666666667 0.006666666666666667
0 0.4735 0.21416666666666667 0.006666666666666667 0.006666666666666667
0 0.4678333333333333 0.2085 0.006666666666666667 0.006666666666666667
0 0.4651666666666667 0.1775 0.006666666666666667 0.006666666666666667
0 0.4845 0.15683333333333332 0.006666666666666667 0.006666666666666667
0 0.4728333333333333 0.16383333333333333 0.006666666666666667 0.006666666666666667
0 0.38616666666666666 0.15716666666666668 0.006666666666666667 0.006666666666666667
0 0.8871666666666667 0.1335 0.006666666666666667 0.006666666666666667
0 0.8518333333333333 0.22616666666666665 0.006666666666666667 0.006666666666666667
0 0.8401666666666666 0.23116666666666666 0.006666666666666667 0.006666666666666667
0 0.7335 0.41483333333333333 0.006666666666666667 0.006666666666666667
0 0.7471666666666666 0.43683333333333335 0.006666666666666667 0.006666666666666667
0 0.7545 0.44816666666666666 0.006666666666666667 0.006666666666666667
0 0.6561666666666667 0.5158333333333334 0.006666666666666667 0.006666666666666667
0 0.6478333333333334 0.5088333333333334 0.006666666666666667 0.006666666666666667
0 0.6755 0.6418333333333334 0.006666666666666667 0.006666666666666667
0 0.6788333333333333 0.8518333333333333 0.006666666666666667 0.006666666666666667
0 0.6911666666666667 0.8501666666666666 0.006666666666666667 0.006666666666666667
0 0.8638333333333333 0.9278333333333333 0.006666666666666667 0.006666666666666667
0 0.9785 0.9725 0.006666666666666667 0.006666666666666667
0 0.9958333333333333 0.9401666666666667 0.006666666666666667 0.006666666666666667
0 0.9408333333333333 0.7825 0.006666666666666667 0.006666666666666667
0 0.9175 0.7961666666666667 0.006666666666666667 0.006666666666666667
0 0.8278333333333333 0.6228333333333333 0.006666666666666667 0.006666666666666667
0 0.8381666666666666 0.6115 0.006666666666666667 0.006666666666666667
0 0.7541666666666667 0.6145 0.006666666666666667 0.006666666666666667
0 0.9768333333333333 0.36516666666666664 0.006666666666666667 0.006666666666666667
0 0.9701666666666666 0.36883333333333335 0.006666666666666667 0.006666666666666667
0 0.9695 0.3268333333333333 0.006666666666666667 0.006666666666666667
0 0.9695 0.31616666666666665 0.006666666666666667 0.006666666666666667
0 0.9878333333333333 0.28883333333333333 0.006666666666666667 0.006666666666666667
0 0.9781666666666666 0.27416666666666667 0.006666666666666667 0.006666666666666667
0 0.9735 0.27116666666666667 0.006666666666666667 0.006666666666666667
0 0.8988333333333334 0.24016666666666667 0.006666666666666667 0.006666666666666667
0 0.9071666666666667 0.2575 0.006666666666666667 0.006666666666666667
0 0.8768333333333334 0.16383333333333333 0.006666666666666667 0.006666666666666667
0 0.6335 0.1365 0.006666666666666667 0.006666666666666667
0 0.17883333333333334 0.2738333333333333 0.006666666666666667 0.006666666666666667
0 0.16516666666666666 0.5418333333333333 0.006666666666666667 0.006666666666666667
0 0.0205 0.7165 0.006666666666666667 0.006666666666666667
0 0.019166666666666665 0.7255 0.006666666666666667 0.006666666666666667
0 0.3631666666666667 0.9708333333333333 0.006666666666666667 0.006666666666666667
0 0.4865 0.8295 0.006666666666666667 0.006666666666666667
0 0.5145 0.7458333333333333 0.006666666666666667 0.006666666666666667
0 0.5178333333333334 0.7501666666666666 0.006666666666666667 0.006666666666666667
0 0.5558333333333333 0.7188333333333333 0.006666666666666667 0.006666666666666667
0 0.6815 0.7971666666666667 0.006666666666666667 0.006666666666666667
0 0.6861666666666667 0.7781666666666667 0.006666666666666667 0.006666666666666667
0 0.8351666666666666 0.9278333333333333 0.006666666666666667 0.006666666666666667
0 0.6561666666666667 0.3185 0.006666666666666667 0.006666666666666667
0 0.6308333333333334 0.3195 0.006666666666666667 0.006666666666666667
0 0.6778333333333333 0.9821666666666666 0.006666666666666667 0.006666666666666667
0 0.6301666666666667 0.7758333333333334 0.006666666666666667 0.006666666666666667
0 0.6311666666666667 0.6698333333333333 0.006666666666666667 0.006666666666666667
0 0.6381666666666667 0.6178333333333333 0.006666666666666667 0.006666666666666667
0 0.3435 0.7768333333333334 0.006666666666666667 0.006666666666666667
0 0.34883333333333333 0.7778333333333334 0.006666666666666667 0.006666666666666667
0 0.2891666666666667 0.7295 0.006666666666666667 0.006666666666666667
0 0.27516666666666667 0.7348333333333333 0.006666666666666667 0.006666666666666667
0 0.36983333333333335 0.7235 0.006666666666666667 0.006666666666666667
0 0.3318333333333333 0.6905 0.006666666666666667 0.006666666666666667
0 0.39216666666666666 0.6948333333333333 0.006666666666666667 0.006666666666666667
0 0.32516666666666666 0.8165 0.006666666666666667 0.006666666666666667
0 0.25883333333333336 0.6765 0.006666666666666667 0.006666666666666667
0 0.25083333333333335 0.6741666666666667 0.006666666666666667 0.006666666666666667
0 0.2698333333333333 0.6251666666666666 0.006666666666666667 0.006666666666666667
0 0.39316666666666666 0.7851666666666667 0.006666666666666667 0.006666666666666667
0 0.4031666666666667 0.7915 0.006666666666666667 0.006666666666666667
0 0.38816666666666666 0.7411666666666666 0.006666666666666667 0.006666666666666667
0 0.36683333333333334 0.6781666666666667 0.006666666666666667 0.006666666666666667
0 0.37083333333333335 0.6658333333333334 0.006666666666666667 0.006666666666666667
0 0.3495 0.6201666666666666 0.006666666666666667 0.006666666666666667
0 0.32316666666666666 0.5825 0.006666666666666667 0.006666666666666667
0 0.4075 0.5258333333333334 0.006666666666666667 0.006666666666666667
0 0.42916666666666664 0.4855 0.006666666666666667 0.006666666666666667
0 0.4295 0.4708333333333333 0.006666666666666667 0.006666666666666667
0 0.4058333333333333 0.4731666666666667 0.006666666666666667 0.006666666666666667
0 0.4721666666666667 0.4681666666666667 0.006666666666666667 0.006666666666666667
0 0.4925 0.45716666666666667 0.006666666666666667 0.006666666666666667
0 0.5095 0.43616666666666665 0.006666666666666667 0.006666666666666667
0 0.4695 0.4721666666666667 0.006666666666666667 0.006666666666666667
0 0.4575 0.4658333333333333 0.006666666666666667 0.006666666666666667
0 0.4608333333333333 0.4885 0.006666666666666667 0.006666666666666667
0 0.6318333333333334 0.40116666666666667 0.006666666666666667 0.006666666666666667
0 0.5865 0.4105 0.006666666666666667 0.006666666666666667
0 0.6678333333333333 0.43183333333333335 0.006666666666666667 0.006666666666666667
0 0.7331666666666666 0.9095 0.006666666666666667 0.006666666666666667
0 0.7928333333333333 0.7658333333333334 0.006666666666666667 0.006666666666666667
0 0.9051666666666667 0.6335 0.006666666666666667 0.006666666666666667
0 0.9365 0.2835 0.006666666666666667 0.006666666666666667
0 0.7181666666666666 0.11116666666666666 0.006666666666666667 0.006666666666666667
0 0.7105 0.042833333333333334 0.006666666666666667 0.006666666666666667
0 0.7685 0.9818333333333333 0.006666666666666667 0.006666666666666667
0 0.7621666666666667 0.9821666666666666 0.006666666666666667 0.006666666666666667
0 0.6735 0.9095 0.006666666666666667 0.006666666666666667
0 0.6648333333333334 0.8231666666666667 0.006666666666666667 0.006666666666666667
0 0.6841666666666667 0.7871666666666667 0.006666666666666667 0.006666666666666667
0 0.5988333333333333 0.8095 0.006666666666666667 0.006666666666666667
0 0.6025 0.6958333333333333 0.006666666666666667 0.006666666666666667
0 0.6641666666666667 0.7135 0.006666666666666667 0.006666666666666667
0 0.6645 0.7011666666666667 0.006666666666666667 0.006666666666666667
0 0.6745 0.6885 0.006666666666666667 0.006666666666666667
0 0.6631666666666667 0.6941666666666667 0.006666666666666667 0.006666666666666667
0 0.6041666666666666 0.5268333333333334 0.006666666666666667 0.006666666666666667
0 0.5851666666666666 0.33016666666666666 0.006666666666666667 0.006666666666666667
0 0.5368333333333334 0.3465 0.006666666666666667 0.006666666666666667
0 0.3645 0.13516666666666666 0.006666666666666667 0.006666666666666667
0 0.45016666666666666 0.12583333333333332 0.006666666666666667 0.006666666666666667
0 0.2285 0.4055 0.006666666666666667 0.006666666666666667
0 0.1565 0.3988333333333333 0.006666666666666667 0.006666666666666667
0 0.22116666666666668 0.47983333333333333 0.006666666666666667 0.006666666666666667
0 0.22983333333333333 0.4781666666666667 0.006666666666666667 0.006666666666666667
0 0.3428333333333333 0.7348333333333333 0.006666666666666667 0.006666666666666667
0 0.3368333333333333 0.7248333333333333 0.006666666666666667 0.006666666666666667
0 0.5978333333333333 0.7441666666666666 0.006666666666666667 0.006666666666666667
0 0.6305 0.7618333333333334 0.006666666666666667 0.006666666666666667
0 0.6418333333333334 0.7748333333333334 0.006666666666666667 0.006666666666666667
0 0.8288333333333333 0.13316666666666666 0.006666666666666667 0.006666666666666667
0 0.8585 0.14683333333333334 0.006666666666666667 0.006666666666666667
0 0.6311666666666667 0.4215 0.006666666666666667 0.006666666666666667
0 0.2971666666666667 0.9751666666666666 0.006666666666666667 0.006666666666666667
0 0.8041666666666667 0.1565 0.006666666666666667 0.006666666666666667
0 0.8918333333333334 0.5751666666666667 0.006666666666666667 0.006666666666666667
0 0.0535 0.7231666666666666 0.006666666666666667 0.006666666666666667
0 0.030166666666666668 0.6878333333333333 0.006666666666666667 0.006666666666666667
