0 0.027833333333333335 0.0875 0.006666666666666667 0.006666666666666667
0 0.022166666666666668 0.08116666666666666 0.006666666666666667 0.006666666666666667
0 0.020833333333333332 0.08683333333333333 0.006666666666666667 0.006666666666666667
0 0.0195 0.09316666666666666 0.006666666666666667 0.006666666666666667
0 0.015166666666666667 0.09683333333333333 0.006666666666666667 0.006666666666666667
0 0.027833333333333335 0.11916666666666667 0.006666666666666667 0.006666666666666667
0 0.0365 0.1135 0.006666666666666667 0.006666666666666667
0 0.0325 0.1065 0.006666666666666667 0.006666666666666667
0 0.026166666666666668 0.06516666666666666 0.006666666666666667 0.006666666666666667
0 0.04716666666666667 0.027833333333333335 0.006666666666666667 0.006666666666666667
0 0.059833333333333336 0.017166666666666667 0.006666666666666667 0.006666666666666667
0 0.0415 0.005833333333333334 0.006666666666666667 0.006666666666666667
0 0.08483333333333333 0.0115 0.006666666666666667 0.006666666666666667
0 0.08583333333333333 0.0305 0.006666666666666667 0.006666666666666667
0 0.0915 0.0285 0.006666666666666667 0.006666666666666667
0 0.10883333333333334 0.0275 0.006666666666666667 0.006666666666666667
0 0.1165 0.018166666666666668 0.006666666666666667 0.006666666666666667
0 0.12383333333333334 0.0185 0.006666666666666667 0.006666666666666667
0 0.18816666666666668 0.0335 0.006666666666666667 0.006666666666666667
0 0.1665 0.018166666666666668 0.006666666666666667 0.006666666666666667
0 0.19483333333333333 0.0215 0.006666666666666667 0.006666666666666667
0 0.20016666666666666 0.0175 0.006666666666666667 0.006666666666666667
0 0.019833333333333335 0.1635 0.006666666666666667 0.006666666666666667
0 0.0065 0.1915 0.006666666666666667 0.006666666666666667
0 0.010833333333333334 0.18683333333333332 0.006666666666666667 0.006666666666666667
0 0.0465 0.1685 0.006666666666666667 0.006666666666666667
0 0.051166666666666666 0.1645 0.006666666666666667 0.006666666666666667
0 0.0425 0.1645 0.006666666666666667 0.006666666666666667
0 0.06583333333333333 0.1535 0.006666666666666667 0.006666666666666667
0 0.08883333333333333 0.1205 0.006666666666666667 0.006666666666666667
0 0.0945 0.12683333333333333 0.006666666666666667 0.006666666666666667
0 0.10583333333333333 0.1155 0.006666666666666667 0.006666666666666667
0 0.12883333333333333 0.09616666666666666 0.006666666666666667 0.006666666666666667
0 0.13583333333333333 0.09483333333333334 0.006666666666666667 0.006666666666666667
0 0.1475 0.09683333333333333 0.006666666666666667 0.006666666666666667
0 0.13716666666666666 0.1115 0.006666666666666667 0.006666666666666667
0 0.10516666666666667 0.0635 0.006666666666666667 0.006666666666666667
0 0.1475 0.1685 0.006666666666666667 0.006666666666666667
0 0.14383333333333334 0.17716666666666667 0.006666666666666667 0.006666666666666667
0 0.1555 0.19583333333333333 0.006666666666666667 0.006666666666666667
0 0.16616666666666666 0.17783333333333334 0.006666666666666667 0.006666666666666667
0 0.17816666666666667 0.1885 0.006666666666666667 0.006666666666666667
0 0.16983333333333334 0.20383333333333334 0.006666666666666667 0.006666666666666667
0 0.14183333333333334 0.20716666666666667 0.006666666666666667 0.006666666666666667
0 0.14983333333333335 0.20216666666666666 0.006666666666666667 0.006666666666666667
0 0.13583333333333333 0.2005 0.006666666666666667 0.006666666666666667
0 0.15816666666666668 0.22083333333333333 0.006666666666666667 0.006666666666666667
0 0.1375 0.22283333333333333 0.006666666666666667 0.006666666666666667
0 0.13416666666666666 0.22716666666666666 0.006666666666666667 0.006666666666666667
0 0.12916666666666668 0.23083333333333333 0.006666666666666667 0.006666666666666667
0 0.12683333333333333 0.2195 0.006666666666666667 0.006666666666666667
0 0.20583333333333334 0.19783333333333333 0.006666666666666667 0.006666666666666667
0 0.1875 0.19883333333333333 0.006666666666666667 0.006666666666666667
0 0.18483333333333332 0.2285 0.006666666666666667 0.006666666666666667
0 0.14483333333333334 0.25083333333333335 0.006666666666666667 0.006666666666666667
0 0.12283333333333334 0.2628333333333333 0.006666666666666667 0.006666666666666667
0 0.1225 0.2535 0.006666666666666667 0.006666666666666667
0 0.11383333333333333 0.24316666666666667 0.006666666666666667 0.006666666666666667
0 0.08283333333333333 0.2625 0.006666666666666667 0.006666666666666667
0 0.10116666666666667 0.26616666666666666 0.006666666666666667 0.006666666666666667
0 0.057166666666666664 0.2515 0.006666666666666667 0.006666666666666667
0 0.06916666666666667 0.25983333333333336 0.006666666666666667 0.006666666666666667
0 0.07216666666666667 0.25516666666666665 0.006666666666666667 0.006666666666666667
0 0.0615 0.2615 0.006666666666666667 0.006666666666666667
0 0.0605 0.26716666666666666 0.006666666666666667 0.006666666666666667
0 0.0625 0.2735 0.006666666666666667 0.006666666666666667
0 0.025166666666666667 0.2315 0.006666666666666667 0.006666666666666667
0 0.0275 0.21583333333333332 0.006666666666666667 0.006666666666666667
0 0.035166666666666666 0.22183333333333333 0.006666666666666667 0.006666666666666667
0 0.022166666666666668 0.19383333333333333 0.006666666666666667 0.006666666666666667
0 0.027166666666666665 0.2645 0.006666666666666667 0.006666666666666667
0 0.1815 0.1635 0.006666666666666667 0.006666666666666667
0 0.19116666666666668 0.12583333333333332 0.006666666666666667 0.006666666666666667
0 0.0165 0.30183333333333334 0.006666666666666667 0.006666666666666667
0 0.008166666666666666 0.3135 0.006666666666666667 0.006666666666666667
0 0.0011666666666666668 0.31083333333333335 0.006666666666666667 0.006666666666666667
0 0.013166666666666667 0.3335 0.006666666666666667 0.006666666666666667
0 0.0335 0.3398333333333333 0.006666666666666667 0.006666666666666667
0 0.03883333333333333 0.3375 0.006666666666666667 0.006666666666666667
0 0.051166666666666666 0.33516666666666667 0.006666666666666667 0.006666666666666667
0 0.0535 0.3478333333333333 0.006666666666666667 0.006666666666666667
0 0.058833333333333335 0.3475 0.006666666666666667 0.006666666666666667
0 0.07583333333333334 0.30616666666666664 0.006666666666666667 0.006666666666666667
0 0.0715 0.30816666666666664 0.006666666666666667 0.006666666666666667
0 0.0375 0.2778333333333333 0.006666666666666667 0.006666666666666667
0 0.03716666666666667 0.27116666666666667 0.006666666666666667 0.006666666666666667
0 0.08983333333333333 0.30783333333333335 0.006666666666666667 0.006666666666666667
0 0.08416666666666667 0.31316666666666665 0.006666666666666667 0.006666666666666667
0 0.08983333333333333 0.32083333333333336 0.006666666666666667 0.006666666666666667
0 0.08216666666666667 0.3215 0.006666666666666667 0.006666666666666667
0 0.08416666666666667 0.3285 0.006666666666666667 0.006666666666666667
0 0.0825 0.33916666666666667 0.006666666666666667 0.006666666666666667
0 0.08283333333333333 0.3511666666666667 0.006666666666666667 0.006666666666666667
0 0.07216666666666667 0.3555 0.006666666666666667 0.006666666666666667
0 0.06583333333333333 0.3625 0.006666666666666667 0.006666666666666667
0 0.05616666666666666 0.3665 0.006666666666666667 0.006666666666666667
0 0.16216666666666665 0.3105 0.006666666666666667 0.006666666666666667
0 0.15716666666666668 0.2965 0.006666666666666667 0.006666666666666667
0 0.17083333333333334 0.31616666666666665 0.006666666666666667 0.006666666666666667
0 0.17083333333333334 0.31183333333333335 0.006666666666666667 0.006666666666666667
0 0.1765 0.3075 0.006666666666666667 0.006666666666666667
0 0.1915 0.2931666666666667 0.006666666666666667 0.006666666666666667
0 0.18416666666666667 0.2828333333333333 0.006666666666666667 0.006666666666666667
0 0.20116666666666666 0.3438333333333333 0.006666666666666667 0.006666666666666667
0 0.2035 0.35483333333333333 0.006666666666666667 0.006666666666666667
0 0.1875 0.3611666666666667 0.006666666666666667 0.006666666666666667
0 0.1845 0.3675 0.006666666666666667 0.006666666666666667
0 0.19383333333333333 0.36616666666666664 0.006666666666666667 0.006666666666666667
0 0.2065 0.3725 0.006666666666666667 0.006666666666666667
0 0.17616666666666667 0.36783333333333335 0.006666666666666667 0.006666666666666667
0 0.17583333333333334 0.37716666666666665 0.006666666666666667 0.006666666666666667
0 0.1695 0.37983333333333336 0.006666666666666667 0.006666666666666667
0 0.15983333333333333 0.3505 0.006666666666666667 0.006666666666666667
0 0.1545 0.35383333333333333 0.006666666666666667 0.006666666666666667
0 0.15016666666666667 0.35883333333333334 0.006666666666666667 0.006666666666666667
0 0.15483333333333332 0.3641666666666667 0.006666666666666667 0.006666666666666667
0 0.1525 0.3428333333333333 0.006666666666666667 0.006666666666666667
0 0.15683333333333332 0.3405 0.006666666666666667 0.006666666666666667
0 0.1595 0.3375 0.006666666666666667 0.006666666666666667
0 0.1545 0.3295 0.006666666666666667 0.006666666666666667
0 0.15883333333333333 0.3255 0.006666666666666667 0.006666666666666667
0 0.12183333333333334 0.3475 0.006666666666666667 0.006666666666666667
0 0.1115 0.36183333333333334 0.006666666666666667 0.006666666666666667
0 0.09916666666666667 0.3551666666666667 0.006666666666666667 0.006666666666666667
0 0.10083333333333333 0.36483333333333334 0.006666666666666667 0.006666666666666667
0 0.1035 0.36883333333333335 0.006666666666666667 0.006666666666666667
0 0.10116666666666667 0.37816666666666665 0.006666666666666667 0.006666666666666667
0 0.09816666666666667 0.3845 0.006666666666666667 0.006666666666666667
0 0.07383333333333333 0.38216666666666665 0.006666666666666667 0.006666666666666667
0 0.052833333333333336 0.3715 0.006666666666666667 0.006666666666666667
0 0.04716666666666667 0.38216666666666665 0.006666666666666667 0.006666666666666667
0 0.018166666666666668 0.3685 0.006666666666666667 0.006666666666666667
0 0.015166666666666667 0.39916666666666667 0.006666666666666667 0.006666666666666667
0 0.020833333333333332 0.3965 0.006666666666666667 0.006666666666666667
0 0.06716666666666667 0.40016666666666667 0.006666666666666667 0.006666666666666667
0 0.06816666666666667 0.3955 0.006666666666666667 0.006666666666666667
0 0.0845 0.39516666666666667 0.006666666666666667 0.006666666666666667
0 0.08683333333333333 0.40016666666666667 0.006666666666666667 0.006666666666666667
0 0.08183333333333333 0.4045 0.006666666666666667 0.006666666666666667
0 0.0675 0.4071666666666667 0.006666666666666667 0.006666666666666667
0 0.06183333333333333 0.4075 0.006666666666666667 0.006666666666666667
0 0.06183333333333333 0.4075 0.006666666666666667 0.006666666666666667
0 0.06383333333333334 0.41183333333333333 0.006666666666666667 0.006666666666666667
0 0.08116666666666666 0.41183333333333333 0.006666666666666667 0.006666666666666667
0 0.08516666666666667 0.4088333333333333 0.006666666666666667 0.006666666666666667
0 0.08883333333333333 0.4045 0.006666666666666667 0.006666666666666667
0 0.10483333333333333 0.3915 0.006666666666666667 0.006666666666666667
0 0.11183333333333334 0.3878333333333333 0.006666666666666667 0.006666666666666667
0 0.1155 0.38316666666666666 0.006666666666666667 0.006666666666666667
0 0.11983333333333333 0.37916666666666665 0.006666666666666667 0.006666666666666667
0 0.1235 0.37683333333333335 0.006666666666666667 0.006666666666666667
0 0.11816666666666667 0.3715 0.006666666666666667 0.006666666666666667
0 0.12383333333333334 0.36283333333333334 0.006666666666666667 0.006666666666666667
0 0.0275 0.36716666666666664 0.006666666666666667 0.006666666666666667
0 0.0265 0.3411666666666667 0.006666666666666667 0.006666666666666667
0 0.030166666666666668 0.34883333333333333 0.006666666666666667 0.006666666666666667
0 0.0365 0.3545 0.006666666666666667 0.006666666666666667
0 0.03983333333333333 0.3641666666666667 0.006666666666666667 0.006666666666666667
0 0.0355 0.4125 0.006666666666666667 0.006666666666666667
0 0.019833333333333335 0.41283333333333333 0.006666666666666667 0.006666666666666667
0 0.023833333333333335 0.4091666666666667 0.006666666666666667 0.006666666666666667
0 0.022166666666666668 0.4305 0.006666666666666667 0.006666666666666667
0 0.0195 0.43683333333333335 0.006666666666666667 0.006666666666666667
0 0.015166666666666667 0.44516666666666665 0.006666666666666667 0.006666666666666667
0 0.015166666666666667 0.4525 0.006666666666666667 0.006666666666666667
0 0.026833333333333334 0.47383333333333333 0.006666666666666667 0.006666666666666667
0 0.0195 0.5001666666666666 0.006666666666666667 0.006666666666666667
0 0.042166666666666665 0.47683333333333333 0.006666666666666667 0.006666666666666667
0 0.0455 0.4708333333333333 0.006666666666666667 0.006666666666666667
0 0.05383333333333333 0.47383333333333333 0.006666666666666667 0.006666666666666667
0 0.043166666666666666 0.48583333333333334 0.006666666666666667 0.006666666666666667
0 0.04416666666666667 0.49383333333333335 0.006666666666666667 0.006666666666666667
0 0.0395 0.5015 0.006666666666666667 0.006666666666666667
0 0.0415 0.5098333333333334 0.006666666666666667 0.006666666666666667
0 0.057833333333333334 0.5048333333333334 0.006666666666666667 0.006666666666666667
0 0.05383333333333333 0.5008333333333334 0.006666666666666667 0.006666666666666667
0 0.0665 0.5105 0.006666666666666667 0.006666666666666667
0 0.06783333333333333 0.4945 0.006666666666666667 0.006666666666666667
0 0.06516666666666666 0.4891666666666667 0.006666666666666667 0.006666666666666667
0 0.0655 0.47883333333333333 0.006666666666666667 0.006666666666666667
0 0.07783333333333334 0.4891666666666667 0.006666666666666667 0.006666666666666667
0 0.08583333333333333 0.5048333333333334 0.006666666666666667 0.006666666666666667
0 0.11683333333333333 0.5031666666666667 0.006666666666666667 0.006666666666666667
0 0.1225 0.5018333333333334 0.006666666666666667 0.006666666666666667
0 0.1275 0.4985 0.006666666666666667 0.006666666666666667
0 0.12216666666666667 0.4891666666666667 0.006666666666666667 0.006666666666666667
0 0.1085 0.4865 0.006666666666666667 0.006666666666666667
0 0.0745 0.42383333333333334 0.006666666666666667 0.006666666666666667
0 0.07683333333333334 0.4155 0.006666666666666667 0.006666666666666667
0 0.07883333333333334 0.4285 0.006666666666666667 0.006666666666666667
0 0.0855 0.4265 0.006666666666666667 0.006666666666666667
0 0.08816666666666667 0.4215 0.006666666666666667 0.006666666666666667
0 0.0865 0.4171666666666667 0.006666666666666667 0.006666666666666667
0 0.09216666666666666 0.4135 0.006666666666666667 0.006666666666666667
0 0.09716666666666667 0.4085 0.006666666666666667 0.006666666666666667
0 0.1005 0.4041666666666667 0.006666666666666667 0.006666666666666667
0 0.10316666666666667 0.4061666666666667 0.006666666666666667 0.006666666666666667
0 0.1055 0.4008333333333333 0.006666666666666667 0.006666666666666667
0 0.11116666666666666 0.39816666666666667 0.006666666666666667 0.006666666666666667
0 0.1095 0.4028333333333333 0.006666666666666667 0.006666666666666667
0 0.15083333333333335 0.3715 0.006666666666666667 0.006666666666666667
0 0.14883333333333335 0.37916666666666665 0.006666666666666667 0.006666666666666667
0 0.14083333333333334 0.3855 0.006666666666666667 0.006666666666666667
0 0.14383333333333334 0.3978333333333333 0.006666666666666667 0.006666666666666667
0 0.13716666666666666 0.39616666666666667 0.006666666666666667 0.006666666666666667
0 0.13683333333333333 0.4025 0.006666666666666667 0.006666666666666667
0 0.13116666666666665 0.4008333333333333 0.006666666666666667 0.006666666666666667
0 0.12883333333333333 0.4071666666666667 0.006666666666666667 0.006666666666666667
0 0.1185 0.4081666666666667 0.006666666666666667 0.006666666666666667
0 0.1145 0.4121666666666667 0.006666666666666667 0.006666666666666667
0 0.10983333333333334 0.41683333333333333 0.006666666666666667 0.006666666666666667
0 0.1065 0.42583333333333334 0.006666666666666667 0.006666666666666667
0 0.1075 0.4211666666666667 0.006666666666666667 0.006666666666666667
0 0.10016666666666667 0.42716666666666664 0.006666666666666667 0.006666666666666667
0 0.10183333333333333 0.42283333333333334 0.006666666666666667 0.006666666666666667
0 0.12316666666666666 0.4105 0.006666666666666667 0.006666666666666667
0 0.11983333333333333 0.4161666666666667 0.006666666666666667 0.006666666666666667
0 0.1185 0.4211666666666667 0.006666666666666667 0.006666666666666667
0 0.1155 0.42583333333333334 0.006666666666666667 0.006666666666666667
0 0.12016666666666667 0.42816666666666664 0.006666666666666667 0.006666666666666667
0 0.12416666666666666 0.4305 0.006666666666666667 0.006666666666666667
0 0.1265 0.42483333333333334 0.006666666666666667 0.006666666666666667
0 0.13483333333333333 0.4175 0.006666666666666667 0.006666666666666667
0 0.1395 0.4078333333333333 0.006666666666666667 0.006666666666666667
0 0.14516666666666667 0.4051666666666667 0.006666666666666667 0.006666666666666667
0 0.14816666666666667 0.4121666666666667 0.006666666666666667 0.006666666666666667
0 0.15383333333333332 0.4068333333333333 0.006666666666666667 0.006666666666666667
0 0.16783333333333333 0.39516666666666667 0.006666666666666667 0.006666666666666667
0 0.17183333333333334 0.3898333333333333 0.006666666666666667 0.006666666666666667
0 0.18116666666666667 0.3988333333333333 0.006666666666666667 0.006666666666666667
0 0.20183333333333334 0.3958333333333333 0.006666666666666667 0.006666666666666667
0 0.17683333333333334 0.4041666666666667 0.006666666666666667 0.006666666666666667
0 0.16716666666666666 0.4065 0.006666666666666667 0.006666666666666667
0 0.16316666666666665 0.4115 0.006666666666666667 0.006666666666666667
0 0.1605 0.4145 0.006666666666666667 0.006666666666666667
0 0.1665 0.4161666666666667 0.006666666666666667 0.006666666666666667
0 0.08216666666666667 0.44683333333333336 0.006666666666666667 0.006666666666666667
0 0.0825 0.4395 0.006666666666666667 0.006666666666666667
0 0.10016666666666667 0.4425 0.006666666666666667 0.006666666666666667
0 0.1055 0.4385 0.006666666666666667 0.006666666666666667
0 0.1065 0.4335 0.006666666666666667 0.006666666666666667
0 0.1005 0.4658333333333333 0.006666666666666667 0.006666666666666667
0 0.09383333333333334 0.4651666666666667 0.006666666666666667 0.006666666666666667
0 0.08616666666666667 0.45816666666666667 0.006666666666666667 0.006666666666666667
0 0.10516666666666667 0.46016666666666667 0.006666666666666667 0.006666666666666667
0 0.10116666666666667 0.45916666666666667 0.006666666666666667 0.006666666666666667
0 0.10416666666666667 0.4495 0.006666666666666667 0.006666666666666667
0 0.1095 0.4485 0.006666666666666667 0.006666666666666667
0 0.11316666666666667 0.44583333333333336 0.006666666666666667 0.006666666666666667
0 0.12116666666666667 0.44216666666666665 0.006666666666666667 0.006666666666666667
0 0.1275 0.4485 0.006666666666666667 0.006666666666666667
0 0.12983333333333333 0.45316666666666666 0.006666666666666667 0.006666666666666667
0 0.12783333333333333 0.4625 0.006666666666666667 0.006666666666666667
0 0.12383333333333334 0.4568333333333333 0.006666666666666667 0.006666666666666667
0 0.12183333333333334 0.4625 0.006666666666666667 0.006666666666666667
0 0.11916666666666667 0.45716666666666667 0.006666666666666667 0.006666666666666667
0 0.11383333333333333 0.4608333333333333 0.006666666666666667 0.006666666666666667
0 0.10883333333333334 0.46416666666666667 0.006666666666666667 0.006666666666666667
0 0.11416666666666667 0.4661666666666667 0.006666666666666667 0.006666666666666667
0 0.13183333333333333 0.44483333333333336 0.006666666666666667 0.006666666666666667
0 0.14816666666666667 0.4488333333333333 0.006666666666666667 0.006666666666666667
0 0.15283333333333332 0.4465 0.006666666666666667 0.006666666666666667
0 0.1465 0.4715 0.006666666666666667 0.006666666666666667
0 0.1655 0.4261666666666667 0.006666666666666667 0.006666666666666667
0 0.1695 0.4215 0.006666666666666667 0.006666666666666667
0 0.17516666666666666 0.4165 0.006666666666666667 0.006666666666666667
0 0.1775 0.4095 0.006666666666666667 0.006666666666666667
0 0.1885 0.4088333333333333 0.006666666666666667 0.006666666666666667
0 0.21283333333333335 0.4048333333333333 0.006666666666666667 0.006666666666666667
0 0.23016666666666666 0.3915 0.006666666666666667 0.006666666666666667
0 0.2435 0.41883333333333334 0.006666666666666667 0.006666666666666667
0 0.2485 0.4185 0.006666666666666667 0.006666666666666667
0 0.2535 0.4145 0.006666666666666667 0.006666666666666667
0 0.22183333333333333 0.4285 0.006666666666666667 0.006666666666666667
0 0.2355 0.44383333333333336 0.006666666666666667 0.006666666666666667
0 0.1535 0.4655 0.006666666666666667 0.006666666666666667
0 0.2305 0.4605 0.006666666666666667 0.006666666666666667
0 0.22616666666666665 0.45916666666666667 0.006666666666666667 0.006666666666666667
0 0.19716666666666666 0.4708333333333333 0.006666666666666667 0.006666666666666667
0 0.17316666666666666 0.4935 0.006666666666666667 0.006666666666666667
0 0.25483333333333336 0.43383333333333335 0.006666666666666667 0.006666666666666667
0 0.2618333333333333 0.43283333333333335 0.006666666666666667 0.006666666666666667
0 0.2618333333333333 0.4385 0.006666666666666667 0.006666666666666667
0 0.24516666666666667 0.4755 0.006666666666666667 0.006666666666666667
0 0.23816666666666667 0.4751666666666667 0.006666666666666667 0.006666666666666667
0 0.21216666666666667 0.5048333333333334 0.006666666666666667 0.006666666666666667
0 0.21483333333333332 0.4965 0.006666666666666667 0.006666666666666667
0 0.22883333333333333 0.4915 0.006666666666666667 0.006666666666666667
0 0.23383333333333334 0.4925 0.006666666666666667 0.006666666666666667
0 0.2525 0.49216666666666664 0.006666666666666667 0.006666666666666667
0 0.2495 0.4871666666666667 0.006666666666666667 0.006666666666666667
0 0.25716666666666665 0.48683333333333334 0.006666666666666667 0.006666666666666667
0 0.25716666666666665 0.47983333333333333 0.006666666666666667 0.006666666666666667
0 0.26016666666666666 0.49316666666666664 0.006666666666666667 0.006666666666666667
0 0.22783333333333333 0.5281666666666667 0.006666666666666667 0.006666666666666667
0 0.2345 0.5225 0.006666666666666667 0.006666666666666667
0 0.2455 0.5115 0.006666666666666667 0.006666666666666667
0 0.24916666666666668 0.5195 0.006666666666666667 0.006666666666666667
0 0.24516666666666667 0.5241666666666667 0.006666666666666667 0.006666666666666667
0 0.2355 0.5405 0.006666666666666667 0.006666666666666667
0 0.23716666666666666 0.5481666666666667 0.006666666666666667 0.006666666666666667
0 0.24283333333333335 0.5455 0.006666666666666667 0.006666666666666667
0 0.2315 0.5491666666666667 0.006666666666666667 0.006666666666666667
0 0.2215 0.5535 0.006666666666666667 0.006666666666666667
0 0.2185 0.5591666666666667 0.006666666666666667 0.006666666666666667
0 0.2235 0.5611666666666667 0.006666666666666667 0.006666666666666667
0 0.23116666666666666 0.5618333333333333 0.006666666666666667 0.006666666666666667
0 0.2295 0.5561666666666667 0.006666666666666667 0.006666666666666667
0 0.23616666666666666 0.5551666666666667 0.006666666666666667 0.006666666666666667
0 0.2385 0.5601666666666667 0.006666666666666667 0.006666666666666667
0 0.2475 0.5605 0.006666666666666667 0.006666666666666667
0 0.20216666666666666 0.5568333333333333 0.006666666666666667 0.006666666666666667
0 0.19883333333333333 0.5598333333333333 0.006666666666666667 0.006666666666666667
0 0.1905 0.5628333333333333 0.006666666666666667 0.006666666666666667
0 0.19216666666666668 0.5528333333333333 0.006666666666666667 0.006666666666666667
0 0.1875 0.5498333333333333 0.006666666666666667 0.006666666666666667
0 0.17016666666666666 0.5298333333333334 0.006666666666666667 0.006666666666666667
0 0.12483333333333334 0.5378333333333334 0.006666666666666667 0.006666666666666667
0 0.17816666666666667 0.5738333333333333 0.006666666666666667 0.006666666666666667
0 0.18216666666666667 0.5705 0.006666666666666667 0.006666666666666667
0 0.17783333333333334 0.5828333333333333 0.006666666666666667 0.006666666666666667
0 0.18116666666666667 0.5868333333333333 0.006666666666666667 0.006666666666666667
0 0.18483333333333332 0.5828333333333333 0.006666666666666667 0.006666666666666667
0 0.18683333333333332 0.5768333333333333 0.006666666666666667 0.006666666666666667
0 0.18616666666666667 0.5911666666666666 0.006666666666666667 0.006666666666666667
0 0.1995 0.5891666666666666 0.006666666666666667 0.006666666666666667
0 0.19916666666666666 0.5845 0.006666666666666667 0.006666666666666667
0 0.20683333333333334 0.5961666666666666 0.006666666666666667 0.006666666666666667
0 0.20116666666666666 0.5951666666666666 0.006666666666666667 0.006666666666666667
0 0.20983333333333334 0.5841666666666666 0.006666666666666667 0.006666666666666667
0 0.21383333333333332 0.5958333333333333 0.006666666666666667 0.006666666666666667
0 0.014166666666666666 0.5788333333333333 0.006666666666666667 0.006666666666666667
0 0.0235 0.5811666666666667 0.006666666666666667 0.006666666666666667
0 0.006833333333333334 0.6048333333333333 0.006666666666666667 0.006666666666666667
0 0.08783333333333333 0.5498333333333333 0.006666666666666667 0.006666666666666667
0 0.08316666666666667 0.5358333333333334 0.006666666666666667 0.006666666666666667
0 0.0635 0.6055 0.006666666666666667 0.006666666666666667
0 0.06583333333333333 0.6011666666666666 0.006666666666666667 0.006666666666666667
0 0.08983333333333333 0.5985 0.006666666666666667 0.006666666666666667
0 0.09116666666666666 0.5908333333333333 0.006666666666666667 0.006666666666666667
0 0.0825 0.5971666666666666 0.006666666666666667 0.006666666666666667
0 0.12616666666666668 0.6158333333333333 0.006666666666666667 0.006666666666666667
0 0.03283333333333333 0.5521666666666667 0.006666666666666667 0.006666666666666667
0 0.1155 0.5268333333333334 0.006666666666666667 0.006666666666666667
0 0.1445 0.5608333333333333 0.006666666666666667 0.006666666666666667
0 0.14716666666666667 0.5535 0.006666666666666667 0.006666666666666667
0 0.1535 0.5498333333333333 0.006666666666666667 0.006666666666666667
0 0.16283333333333333 0.5518333333333333 0.006666666666666667 0.006666666666666667
0 0.20683333333333334 0.5241666666666667 0.006666666666666667 0.006666666666666667
0 0.2145 0.5235 0.006666666666666667 0.006666666666666667
0 0.26016666666666666 0.5191666666666667 0.006666666666666667 0.006666666666666667
0 0.011833333333333333 0.6265 0.006666666666666667 0.006666666666666667
0 0.10016666666666667 0.6301666666666667 0.006666666666666667 0.006666666666666667
0 0.1395 0.6155 0.006666666666666667 0.006666666666666667
0 0.09383333333333334 0.6605 0.006666666666666667 0.006666666666666667
0 0.19483333333333333 0.6595 0.006666666666666667 0.006666666666666667
0 0.19116666666666668 0.6675 0.006666666666666667 0.006666666666666667
0 0.19683333333333333 0.6451666666666667 0.006666666666666667 0.006666666666666667
0 0.20283333333333334 0.6445 0.006666666666666667 0.006666666666666667
0 0.22783333333333333 0.6421666666666667 0.006666666666666667 0.006666666666666667
0 0.22516666666666665 0.6378333333333334 0.006666666666666667 0.006666666666666667
0 0.2415 0.6325 0.006666666666666667 0.006666666666666667
0 0.2465 0.6321666666666667 0.006666666666666667 0.006666666666666667
0 0.25983333333333336 0.6361666666666667 0.006666666666666667 0.006666666666666667
0 0.25783333333333336 0.6301666666666667 0.006666666666666667 0.006666666666666667
0 0.23516666666666666 0.6121666666666666 0.006666666666666667 0.006666666666666667
0 0.22983333333333333 0.6105 0.006666666666666667 0.006666666666666667
0 0.2165 0.6125 0.006666666666666667 0.006666666666666667
0 0.2175 0.6068333333333333 0.006666666666666667 0.006666666666666667
0 0.22416666666666665 0.6008333333333333 0.006666666666666667 0.006666666666666667
0 0.22116666666666668 0.5688333333333333 0.006666666666666667 0.006666666666666667
0 0.21883333333333332 0.5781666666666667 0.006666666666666667 0.006666666666666667
0 0.21683333333333332 0.5828333333333333 0.006666666666666667 0.006666666666666667
0 0.2145 0.5805 0.006666666666666667 0.006666666666666667
0 0.22416666666666665 0.5805 0.006666666666666667 0.006666666666666667
0 0.22883333333333333 0.5768333333333333 0.006666666666666667 0.006666666666666667
0 0.22916666666666666 0.5711666666666667 0.006666666666666667 0.006666666666666667
0 0.22783333333333333 0.5888333333333333 0.006666666666666667 0.006666666666666667
0 0.23483333333333334 0.5945 0.006666666666666667 0.006666666666666667
0 0.2375 0.5888333333333333 0.006666666666666667 0.006666666666666667
0 0.24283333333333335 0.6005 0.006666666666666667 0.006666666666666667
0 0.2465 0.6128333333333333 0.006666666666666667 0.006666666666666667
0 0.25216666666666665 0.5915 0.006666666666666667 0.006666666666666667
0 0.25316666666666665 0.5858333333333333 0.006666666666666667 0.006666666666666667
0 0.24916666666666668 0.5818333333333333 0.006666666666666667 0.006666666666666667
0 0.24283333333333335 0.5838333333333333 0.006666666666666667 0.006666666666666667
0 0.2555 0.5778333333333333 0.006666666666666667 0.006666666666666667
0 0.25916666666666666 0.5728333333333333 0.006666666666666667 0.006666666666666667
0 0.2645 0.5678333333333333 0.006666666666666667 0.006666666666666667
0 0.24316666666666667 0.6805 0.006666666666666667 0.006666666666666667
0 0.2405 0.6725 0.006666666666666667 0.006666666666666667
0 0.2265 0.6741666666666667 0.006666666666666667 0.006666666666666667
0 0.20316666666666666 0.6785 0.006666666666666667 0.006666666666666667
0 0.23916666666666667 0.6948333333333333 0.006666666666666667 0.006666666666666667
0 0.2435 0.7095 0.006666666666666667 0.006666666666666667
0 0.22116666666666668 0.7198333333333333 0.006666666666666667 0.006666666666666667
0 0.19816666666666666 0.7498333333333334 0.006666666666666667 0.006666666666666667
0 0.15383333333333332 0.7725 0.006666666666666667 0.006666666666666667
0 0.13383333333333333 0.7981666666666667 0.006666666666666667 0.006666666666666667
0 0.0635 0.8075 0.006666666666666667 0.006666666666666667
0 0.10283333333333333 0.7328333333333333 0.006666666666666667 0.006666666666666667
0 0.09783333333333333 0.7481666666666666 0.006666666666666667 0.006666666666666667
0 0.09516666666666666 0.7535 0.006666666666666667 0.006666666666666667
0 0.1005 0.7448333333333333 0.006666666666666667 0.006666666666666667
0 0.11816666666666667 0.7155 0.006666666666666667 0.006666666666666667
0 0.12616666666666668 0.7095 0.006666666666666667 0.006666666666666667
0 0.1485 0.6928333333333333 0.006666666666666667 0.006666666666666667
0 0.009166666666666667 0.7865 0.006666666666666667 0.006666666666666667
0 0.041833333333333333 0.7988333333333333 0.006666666666666667 0.006666666666666667
0 0.04716666666666667 0.8175 0.006666666666666667 0.006666666666666667
0 0.03916666666666667 0.8348333333333333 0.006666666666666667 0.006666666666666667
0 0.012833333333333334 0.8455 0.006666666666666667 0.006666666666666667
0 0.06616666666666667 0.8445 0.006666666666666667 0.006666666666666667
0 0.1035 0.8288333333333333 0.006666666666666667 0.006666666666666667
0 0.11416666666666667 0.8471666666666666 0.006666666666666667 0.006666666666666667
0 0.10516666666666667 0.8508333333333333 0.006666666666666667 0.006666666666666667
0 0.0785 0.8748333333333334 0.006666666666666667 0.006666666666666667
0 0.04616666666666667 0.8621666666666666 0.006666666666666667 0.006666666666666667
0 0.026833333333333334 0.8751666666666666 0.006666666666666667 0.006666666666666667
0 0.08716666666666667 0.8715 0.006666666666666667 0.006666666666666667
0 0.1055 0.8798333333333334 0.006666666666666667 0.006666666666666667
0 0.1055 0.8755 0.006666666666666667 0.006666666666666667
0 0.1115 0.8771666666666667 0.006666666666666667 0.006666666666666667
0 0.16716666666666666 0.8705 0.006666666666666667 0.006666666666666667
0 0.14683333333333334 0.8761666666666666 0.006666666666666667 0.006666666666666667
0 0.16483333333333333 0.8555 0.006666666666666667 0.006666666666666667
0 0.16883333333333334 0.8421666666666666 0.006666666666666667 0.006666666666666667
0 0.15216666666666667 0.8188333333333333 0.006666666666666667 0.006666666666666667
0 0.12716666666666668 0.8295 0.006666666666666667 0.006666666666666667
0 0.11416666666666667 0.8251666666666667 0.006666666666666667 0.006666666666666667
0 0.12916666666666668 0.8258333333333333 0.006666666666666667 0.006666666666666667
0 0.16183333333333333 0.8191666666666667 0.006666666666666667 0.006666666666666667
0 0.22916666666666666 0.8071666666666667 0.006666666666666667 0.006666666666666667
0 0.21983333333333333 0.8018333333333333 0.006666666666666667 0.006666666666666667
0 0.21483333333333332 0.7911666666666667 0.006666666666666667 0.006666666666666667
0 0.23216666666666666 0.7828333333333334 0.006666666666666667 0.006666666666666667
0 0.2465 0.7838333333333334 0.006666666666666667 0.006666666666666667
0 0.2668333333333333 0.7431666666666666 0.006666666666666667 0.006666666666666667
0 0.26216666666666666 0.7571666666666667 0.006666666666666667 0.006666666666666667
0 0.25183333333333335 0.7901666666666667 0.006666666666666667 0.006666666666666667
0 0.25283333333333335 0.8081666666666667 0.006666666666666667 0.006666666666666667
0 0.2365 0.8175 0.006666666666666667 0.006666666666666667
0 0.22916666666666666 0.8185 0.006666666666666667 0.006666666666666667
0 0.2105 0.8085 0.006666666666666667 0.006666666666666667
0 0.2805 0.8295 0.006666666666666667 0.006666666666666667
0 0.1865 0.8271666666666667 0.006666666666666667 0.006666666666666667
0 0.20016666666666666 0.8765 0.006666666666666667 0.006666666666666667
0 0.06216666666666667 0.8175 0.006666666666666667 0.006666666666666667
0 0.14316666666666666 0.8625 0.006666666666666667 0.006666666666666667
0 0.12083333333333333 0.8531666666666666 0.006666666666666667 0.006666666666666667
0 0.21883333333333332 0.8128333333333333 0.006666666666666667 0.006666666666666667
0 0.23683333333333334 0.8018333333333333 0.006666666666666667 0.006666666666666667
0 0.1255 0.8675 0.006666666666666667 0.006666666666666667
0 0.15183333333333332 0.8285 0.006666666666666667 0.006666666666666667
0 0.0105 0.8955 0.006666666666666667 0.006666666666666667
0 0.0035 0.8955 0.006666666666666667 0.006666666666666667
0 0.0031666666666666666 0.9081666666666667 0.006666666666666667 0.006666666666666667
0 0.015833333333333335 0.9118333333333334 0.006666666666666667 0.006666666666666667
0 0.0215 0.9081666666666667 0.006666666666666667 0.006666666666666667
0 0.029166666666666667 0.9098333333333334 0.006666666666666667 0.006666666666666667
0 0.027166666666666665 0.9055 0.006666666666666667 0.006666666666666667
0 0.033166666666666664 0.9261666666666667 0.006666666666666667 0.006666666666666667
0 0.03183333333333333 0.9321666666666667 0.006666666666666667 0.006666666666666667
0 0.016833333333333332 0.9408333333333333 0.006666666666666667 0.006666666666666667
0 0.023833333333333335 0.9305 0.006666666666666667 0.006666666666666667
0 0.0275 0.9448333333333333 0.006666666666666667 0.006666666666666667
0 0.03216666666666667 0.9395 0.006666666666666667 0.006666666666666667
0 0.04583333333333333 0.9365 0.006666666666666667 0.006666666666666667
0 0.0445 0.9288333333333333 0.006666666666666667 0.006666666666666667
0 0.04516666666666667 0.9125 0.006666666666666667 0.006666666666666667
0 0.049166666666666664 0.9228333333333333 0.006666666666666667 0.006666666666666667
0 0.05416666666666667 0.9208333333333333 0.006666666666666667 0.006666666666666667
0 0.0565 0.9231666666666667 0.006666666666666667 0.006666666666666667
0 0.0535 0.9035 0.006666666666666667 0.006666666666666667
0 0.058833333333333335 0.9061666666666667 0.006666666666666667 0.006666666666666667
0 0.0645 0.9071666666666667 0.006666666666666667 0.006666666666666667
0 0.0695 0.8878333333333334 0.006666666666666667 0.006666666666666667
0 0.0795 0.9095 0.006666666666666667 0.006666666666666667
0 0.06116666666666667 0.9165 0.006666666666666667 0.006666666666666667
0 0.06416666666666666 0.9198333333333333 0.006666666666666667 0.006666666666666667
0 0.06216666666666667 0.9305 0.006666666666666667 0.006666666666666667
0 0.0865 0.9091666666666667 0.006666666666666667 0.006666666666666667
0 0.0855 0.9005 0.006666666666666667 0.006666666666666667
0 0.0915 0.9001666666666667 0.006666666666666667 0.006666666666666667
0 0.09083333333333334 0.8958333333333334 0.006666666666666667 0.006666666666666667
0 0.10383333333333333 0.8948333333333334 0.006666666666666667 0.006666666666666667
0 0.11583333333333333 0.9031666666666667 0.006666666666666667 0.006666666666666667
0 0.1145 0.8845 0.006666666666666667 0.006666666666666667
0 0.12416666666666666 0.8878333333333334 0.006666666666666667 0.006666666666666667
0 0.13416666666666666 0.8891666666666667 0.006666666666666667 0.006666666666666667
0 0.13983333333333334 0.9081666666666667 0.006666666666666667 0.006666666666666667
0 0.1015 0.9141666666666667 0.006666666666666667 0.006666666666666667
0 0.014166666666666666 0.9788333333333333 0.006666666666666667 0.006666666666666667
0 0.0545 0.9978333333333333 0.006666666666666667 0.006666666666666667
0 0.051833333333333335 0.9795 0.006666666666666667 0.006666666666666667
0 0.0755 0.9848333333333333 0.006666666666666667 0.006666666666666667
0 0.07116666666666667 0.9758333333333333 0.006666666666666667 0.006666666666666667
0 0.07916666666666666 0.9781666666666666 0.006666666666666667 0.006666666666666667
0 0.08283333333333333 0.9871666666666666 0.006666666666666667 0.006666666666666667
0 0.10483333333333333 0.9961666666666666 0.006666666666666667 0.006666666666666667
0 0.11383333333333333 0.9471666666666667 0.006666666666666667 0.006666666666666667
0 0.1365 0.9508333333333333 0.006666666666666667 0.006666666666666667
0 0.12683333333333333 0.9371666666666667 0.006666666666666667 0.006666666666666667
0 0.15283333333333332 0.9671666666666666 0.006666666666666667 0.006666666666666667
0 0.1825 0.9251666666666667 0.006666666666666667 0.006666666666666667
0 0.20516666666666666 0.9378333333333333 0.006666666666666667 0.006666666666666667
0 0.21983333333333333 0.9238333333333333 0.006666666666666667 0.006666666666666667
0 0.1545 0.8845 0.006666666666666667 0.006666666666666667
0 0.0115 0.8771666666666667 0.006666666666666667 0.006666666666666667
0 0.2395 0.8495 0.006666666666666667 0.006666666666666667
0 0.24416666666666667 0.8225 0.006666666666666667 0.006666666666666667
0 0.25316666666666665 0.8971666666666667 0.006666666666666667 0.006666666666666667
0 0.23916666666666667 0.9008333333333334 0.006666666666666667 0.006666666666666667
0 0.25416666666666665 0.9201666666666667 0.006666666666666667 0.006666666666666667
0 0.16816666666666666 0.9215 0.006666666666666667 0.006666666666666667
0 0.1805 0.9165 0.006666666666666667 0.006666666666666667
0 0.25183333333333335 0.8401666666666666 0.006666666666666667 0.006666666666666667
0 0.47583333333333333 0.9548333333333333 0.006666666666666667 0.006666666666666667
0 0.4705 0.9608333333333333 0.006666666666666667 0.006666666666666667
0 0.4638333333333333 0.8475 0.006666666666666667 0.006666666666666667
0 0.3565 0.9211666666666667 0.006666666666666667 0.006666666666666667
0 0.32216666666666666 0.9081666666666667 0.006666666666666667 0.006666666666666667
0 0.2871666666666667 0.8175 0.006666666666666667 0.006666666666666667
0 0.2815 0.8148333333333333 0.006666666666666667 0.006666666666666667
0 0.30083333333333334 0.8125 0.006666666666666667 0.006666666666666667
0 0.2955 0.8321666666666667 0.006666666666666667 0.006666666666666667
0 0.30283333333333334 0.8395 0.006666666666666667 0.006666666666666667
0 0.33316666666666667 0.8328333333333333 0.006666666666666667 0.006666666666666667
0 0.3915 0.8451666666666666 0.006666666666666667 0.006666666666666667
0 0.4885 0.8041666666666667 0.006666666666666667 0.006666666666666667
0 0.36916666666666664 0.8871666666666667 0.006666666666666667 0.006666666666666667
0 0.2901666666666667 0.7305 0.006666666666666667 0.006666666666666667
0 0.27516666666666667 0.7478333333333333 0.006666666666666667 0.006666666666666667
0 0.3185 0.7611666666666667 0.006666666666666667 0.006666666666666667
0 0.30183333333333334 0.6978333333333333 0.006666666666666667 0.006666666666666667
0 0.2728333333333333 0.6878333333333333 0.006666666666666667 0.006666666666666667
0 0.2705 0.6761666666666667 0.006666666666666667 0.006666666666666667
0 0.26616666666666666 0.6821666666666667 0.006666666666666667 0.006666666666666667
0 0.27016666666666667 0.6645 0.006666666666666667 0.006666666666666667
0 0.2698333333333333 0.6518333333333334 0.006666666666666667 0.006666666666666667
0 0.3481666666666667 0.6905 0.006666666666666667 0.006666666666666667
0 0.35183333333333333 0.6791666666666667 0.006666666666666667 0.006666666666666667
0 0.3195 0.7015 0.006666666666666667 0.006666666666666667
0 0.3478333333333333 0.7325 0.006666666666666667 0.006666666666666667
0 0.3415 0.7015 0.006666666666666667 0.006666666666666667
0 0.4651666666666667 0.7651666666666667 0.006666666666666667 0.006666666666666667
0 0.5211666666666667 0.7478333333333333 0.006666666666666667 0.006666666666666667
0 0.5121666666666667 0.7328333333333333 0.006666666666666667 0.006666666666666667
0 0.5051666666666667 0.7348333333333333 0.006666666666666667 0.006666666666666667
0 0.4205 0.6468333333333334 0.006666666666666667 0.006666666666666667
0 0.3855 0.6438333333333334 0.006666666666666667 0.006666666666666667
0 0.40116666666666667 0.6555 0.006666666666666667 0.006666666666666667
0 0.4201666666666667 0.6651666666666667 0.006666666666666667 0.006666666666666667
0 0.4245 0.6791666666666667 0.006666666666666667 0.006666666666666667
0 0.4315 0.6758333333333333 0.006666666666666667 0.006666666666666667
0 0.4538333333333333 0.6811666666666667 0.006666666666666667 0.006666666666666667
0 0.4455 0.6891666666666667 0.006666666666666667 0.006666666666666667
0 0.4261666666666667 0.7041666666666667 0.006666666666666667 0.006666666666666667
0 0.3988333333333333 0.6935 0.006666666666666667 0.006666666666666667
0 0.3945 0.6985 0.006666666666666667 0.006666666666666667
0 0.38016666666666665 0.6738333333333333 0.006666666666666667 0.006666666666666667
0 0.5151666666666667 0.6575 0.006666666666666667 0.006666666666666667
0 0.5225 0.6551666666666667 0.006666666666666667 0.006666666666666667
0 0.45416666666666666 0.6958333333333333 0.006666666666666667 0.006666666666666667
0 0.4041666666666667 0.7618333333333334 0.006666666666666667 0.006666666666666667
0 0.4061666666666667 0.7571666666666667 0.006666666666666667 0.006666666666666667
0 0.5241666666666667 0.7321666666666666 0.006666666666666667 0.006666666666666667
0 0.26016666666666666 0.4701666666666667 0.006666666666666667 0.006666666666666667
0 0.2645 0.4671666666666667 0.006666666666666667 0.006666666666666667
0 0.2688333333333333 0.4675 0.006666666666666667 0.006666666666666667
0 0.2708333333333333 0.4625 0.006666666666666667 0.006666666666666667
0 0.27516666666666667 0.4681666666666667 0.006666666666666667 0.006666666666666667
0 0.2891666666666667 0.4638333333333333 0.006666666666666667 0.006666666666666667
0 0.2801666666666667 0.4725 0.006666666666666667 0.006666666666666667
0 0.2831666666666667 0.47983333333333333 0.006666666666666667 0.006666666666666667
0 0.27016666666666667 0.48083333333333333 0.006666666666666667 0.006666666666666667
0 0.2931666666666667 0.48183333333333334 0.006666666666666667 0.006666666666666667
0 0.2951666666666667 0.47583333333333333 0.006666666666666667 0.006666666666666667
0 0.29983333333333334 0.4831666666666667 0.006666666666666667 0.006666666666666667
0 0.2885 0.4875 0.006666666666666667 0.006666666666666667
0 0.2901666666666667 0.4935 0.006666666666666667 0.006666666666666667
0 0.2855 0.4955 0.006666666666666667 0.006666666666666667
0 0.2811666666666667 0.49916666666666665 0.006666666666666667 0.006666666666666667
0 0.27416666666666667 0.5018333333333334 0.006666666666666667 0.006666666666666667
0 0.26616666666666666 0.5001666666666666 0.006666666666666667 0.006666666666666667
0 0.25916666666666666 0.5061666666666667 0.006666666666666667 0.006666666666666667
0 0.23783333333333334 0.5078333333333334 0.006666666666666667 0.006666666666666667
0 0.26516666666666666 0.5141666666666667 0.006666666666666667 0.006666666666666667
0 0.2665 0.5081666666666667 0.006666666666666667 0.006666666666666667
0 0.2678333333333333 0.4935 0.006666666666666667 0.006666666666666667
0 0.2705 0.5121666666666667 0.006666666666666667 0.006666666666666667
0 0.27616666666666667 0.5101666666666667 0.006666666666666667 0.006666666666666667
0 0.2875 0.5101666666666667 0.006666666666666667 0.006666666666666667
0 0.2845 0.5148333333333334 0.006666666666666667 0.006666666666666667
0 0.29183333333333333 0.5158333333333334 0.006666666666666667 0.006666666666666667
0 0.2931666666666667 0.5031666666666667 0.006666666666666667 0.006666666666666667
0 0.2961666666666667 0.49783333333333335 0.006666666666666667 0.006666666666666667
0 0.30316666666666664 0.5028333333333334 0.006666666666666667 0.006666666666666667
0 0.30483333333333335 0.5091666666666667 0.006666666666666667 0.006666666666666667
0 0.30416666666666664 0.49616666666666664 0.006666666666666667 0.006666666666666667
0 0.31183333333333335 0.49383333333333335 0.006666666666666667 0.006666666666666667
0 0.3125 0.4995 0.006666666666666667 0.006666666666666667
0 0.3185 0.4975 0.006666666666666667 0.006666666666666667
0 0.31916666666666665 0.4915 0.006666666666666667 0.006666666666666667
0 0.3335 0.49416666666666664 0.006666666666666667 0.006666666666666667
0 0.3235 0.5005 0.006666666666666667 0.006666666666666667
0 0.31583333333333335 0.5025 0.006666666666666667 0.006666666666666667
0 0.31316666666666665 0.5075 0.006666666666666667 0.006666666666666667
0 0.32283333333333336 0.5141666666666667 0.006666666666666667 0.006666666666666667
0 0.3095 0.5168333333333334 0.006666666666666667 0.006666666666666667
0 0.2991666666666667 0.5211666666666667 0.006666666666666667 0.006666666666666667
0 0.2955 0.5238333333333334 0.006666666666666667 0.006666666666666667
0 0.2785 0.5251666666666667 0.006666666666666667 0.006666666666666667
0 0.2765 0.5181666666666667 0.006666666666666667 0.006666666666666667
0 0.27116666666666667 0.5191666666666667 0.006666666666666667 0.006666666666666667
0 0.2648333333333333 0.5191666666666667 0.006666666666666667 0.006666666666666667
0 0.2851666666666667 0.5375 0.006666666666666667 0.006666666666666667
0 0.27316666666666667 0.5535 0.006666666666666667 0.006666666666666667
0 0.2745 0.5481666666666667 0.006666666666666667 0.006666666666666667
0 0.26816666666666666 0.5631666666666667 0.006666666666666667 0.006666666666666667
0 0.2775 0.5565 0.006666666666666667 0.006666666666666667
0 0.2825 0.5538333333333333 0.006666666666666667 0.006666666666666667
0 0.2828333333333333 0.5461666666666667 0.006666666666666667 0.006666666666666667
0 0.2885 0.5408333333333334 0.006666666666666667 0.006666666666666667
0 0.2875 0.5481666666666667 0.006666666666666667 0.006666666666666667
0 0.29183333333333333 0.5475 0.006666666666666667 0.006666666666666667
0 0.2941666666666667 0.5425 0.006666666666666667 0.006666666666666667
0 0.2991666666666667 0.5395 0.006666666666666667 0.006666666666666667
0 0.3035 0.5348333333333334 0.006666666666666667 0.006666666666666667
0 0.2961666666666667 0.5325 0.006666666666666667 0.006666666666666667
0 0.29083333333333333 0.5348333333333334 0.006666666666666667 0.006666666666666667
0 0.30716666666666664 0.5268333333333334 0.006666666666666667 0.006666666666666667
0 0.3318333333333333 0.5255 0.006666666666666667 0.006666666666666667
0 0.33816666666666667 0.5255 0.006666666666666667 0.006666666666666667
0 0.3285 0.5345 0.006666666666666667 0.006666666666666667
0 0.3185 0.5351666666666667 0.006666666666666667 0.006666666666666667
0 0.3085 0.5421666666666667 0.006666666666666667 0.006666666666666667
0 0.3115 0.5515 0.006666666666666667 0.006666666666666667
0 0.2975 0.5608333333333333 0.006666666666666667 0.006666666666666667
0 0.28583333333333333 0.5751666666666667 0.006666666666666667 0.006666666666666667
0 0.27216666666666667 0.5835 0.006666666666666667 0.006666666666666667
0 0.26216666666666666 0.6011666666666666 0.006666666666666667 0.006666666666666667
0 0.2675 0.6138333333333333 0.006666666666666667 0.006666666666666667
0 0.2848333333333333 0.6138333333333333 0.006666666666666667 0.006666666666666667
0 0.2798333333333333 0.6081666666666666 0.006666666666666667 0.006666666666666667
0 0.29283333333333333 0.6028333333333333 0.006666666666666667 0.006666666666666667
0 0.29883333333333334 0.5915 0.006666666666666667 0.006666666666666667
0 0.3235 0.5898333333333333 0.006666666666666667 0.006666666666666667
0 0.3388333333333333 0.5961666666666666 0.006666666666666667 0.006666666666666667
0 0.3438333333333333 0.5835 0.006666666666666667 0.006666666666666667
0 0.3815 0.5348333333333334 0.006666666666666667 0.006666666666666667
0 0.3955 0.5365 0.006666666666666667 0.006666666666666667
0 0.34983333333333333 0.4845 0.006666666666666667 0.006666666666666667
0 0.37083333333333335 0.4678333333333333 0.006666666666666667 0.006666666666666667
0 0.37483333333333335 0.49416666666666664 0.006666666666666667 0.006666666666666667
0 0.3845 0.4865 0.006666666666666667 0.006666666666666667
0 0.38183333333333336 0.4795 0.006666666666666667 0.006666666666666667
0 0.3898333333333333 0.4718333333333333 0.006666666666666667 0.006666666666666667
0 0.39316666666666666 0.46416666666666667 0.006666666666666667 0.006666666666666667
0 0.3968333333333333 0.4775 0.006666666666666667 0.006666666666666667
0 0.4111666666666667 0.4905 0.006666666666666667 0.006666666666666667
0 0.42283333333333334 0.4945 0.006666666666666667 0.006666666666666667
0 0.4285 0.47783333333333333 0.006666666666666667 0.006666666666666667
0 0.41583333333333333 0.4705 0.006666666666666667 0.006666666666666667
0 0.41183333333333333 0.4755 0.006666666666666667 0.006666666666666667
0 0.4425 0.4731666666666667 0.006666666666666667 0.006666666666666667
0 0.43316666666666664 0.5335 0.006666666666666667 0.006666666666666667
0 0.44716666666666666 0.5545 0.006666666666666667 0.006666666666666667
0 0.4031666666666667 0.5505 0.006666666666666667 0.006666666666666667
0 0.37216666666666665 0.5241666666666667 0.006666666666666667 0.006666666666666667
0 0.3695 0.5331666666666667 0.006666666666666667 0.006666666666666667
0 0.37783333333333335 0.6121666666666666 0.006666666666666667 0.006666666666666667
0 0.33016666666666666 0.6191666666666666 0.006666666666666667 0.006666666666666667
0 0.3885 0.6075 0.006666666666666667 0.006666666666666667
0 0.37983333333333336 0.5988333333333333 0.006666666666666667 0.006666666666666667
0 0.3955 0.6015 0.006666666666666667 0.006666666666666667
0 0.4111666666666667 0.6075 0.006666666666666667 0.006666666666666667
0 0.3645 0.4955 0.006666666666666667 0.006666666666666667
0 0.4008333333333333 0.6215 0.006666666666666667 0.006666666666666667
0 0.3975 0.6178333333333333 0.006666666666666667 0.006666666666666667
0 0.4025 0.6118333333333333 0.006666666666666667 0.006666666666666667
0 0.4048333333333333 0.6091666666666666 0.006666666666666667 0.006666666666666667
0 0.3935 0.6215 0.006666666666666667 0.006666666666666667
0 0.2821666666666667 0.5915 0.006666666666666667 0.006666666666666667
0 0.2465 0.5068333333333334 0.006666666666666667 0.006666666666666667
0 0.24416666666666667 0.49316666666666664 0.006666666666666667 0.006666666666666667
0 0.23183333333333334 0.5075 0.006666666666666667 0.006666666666666667
0 0.2821666666666667 0.4628333333333333 0.006666666666666667 0.006666666666666667
0 0.3705 0.4628333333333333 0.006666666666666667 0.006666666666666667
0 0.3561666666666667 0.4545 0.006666666666666667 0.006666666666666667
0 0.3511666666666667 0.46116666666666667 0.006666666666666667 0.006666666666666667
0 0.36583333333333334 0.4558333333333333 0.006666666666666667 0.006666666666666667
0 0.37316666666666665 0.4568333333333333 0.006666666666666667 0.006666666666666667
0 0.3695 0.4515 0.006666666666666667 0.006666666666666667
0 0.3725 0.44516666666666665 0.006666666666666667 0.006666666666666667
0 0.36816666666666664 0.44183333333333336 0.006666666666666667 0.006666666666666667
0 0.37416666666666665 0.4395 0.006666666666666667 0.006666666666666667
0 0.38083333333333336 0.4315 0.006666666666666667 0.006666666666666667
0 0.38716666666666666 0.4335 0.006666666666666667 0.006666666666666667
0 0.38716666666666666 0.42883333333333334 0.006666666666666667 0.006666666666666667
0 0.39616666666666667 0.43283333333333335 0.006666666666666667 0.006666666666666667
0 0.3878333333333333 0.44483333333333336 0.006666666666666667 0.006666666666666667
0 0.3925 0.45116666666666666 0.006666666666666667 0.006666666666666667
0 0.4008333333333333 0.4535 0.006666666666666667 0.006666666666666667
0 0.4005 0.45816666666666667 0.006666666666666667 0.006666666666666667
0 0.4045 0.44783333333333336 0.006666666666666667 0.006666666666666667
0 0.4081666666666667 0.4525 0.006666666666666667 0.006666666666666667
0 0.4155 0.4585 0.006666666666666667 0.006666666666666667
0 0.42716666666666664 0.46016666666666667 0.006666666666666667 0.006666666666666667
0 0.43816666666666665 0.4535 0.006666666666666667 0.006666666666666667
0 0.4215 0.4515 0.006666666666666667 0.006666666666666667
0 0.41983333333333334 0.4465 0.006666666666666667 0.006666666666666667
0 0.41783333333333333 0.4405 0.006666666666666667 0.006666666666666667
0 0.4155 0.43383333333333335 0.006666666666666667 0.006666666666666667
0 0.4105 0.44016666666666665 0.006666666666666667 0.006666666666666667
0 0.41883333333333334 0.43116666666666664 0.006666666666666667 0.006666666666666667
0 0.4151666666666667 0.4231666666666667 0.006666666666666667 0.006666666666666667
0 0.42383333333333334 0.4295 0.006666666666666667 0.006666666666666667
0 0.43116666666666664 0.4265 0.006666666666666667 0.006666666666666667
0 0.43583333333333335 0.42583333333333334 0.006666666666666667 0.006666666666666667
0 0.44083333333333335 0.41983333333333334 0.006666666666666667 0.006666666666666667
0 0.44516666666666665 0.41083333333333333 0.006666666666666667 0.006666666666666667
0 0.4475 0.4181666666666667 0.006666666666666667 0.006666666666666667
0 0.4515 0.4111666666666667 0.006666666666666667 0.006666666666666667
0 0.45016666666666666 0.4241666666666667 0.006666666666666667 0.006666666666666667
0 0.44483333333333336 0.4275 0.006666666666666667 0.006666666666666667
0 0.43516666666666665 0.43183333333333335 0.006666666666666667 0.006666666666666667
0 0.4498333333333333 0.43283333333333335 0.006666666666666667 0.006666666666666667
0 0.45816666666666667 0.4171666666666667 0.006666666666666667 0.006666666666666667
0 0.4625 0.4111666666666667 0.006666666666666667 0.006666666666666667
0 0.4568333333333333 0.4055 0.006666666666666667 0.006666666666666667
0 0.4805 0.4275 0.006666666666666667 0.006666666666666667
0 0.4751666666666667 0.43116666666666664 0.006666666666666667 0.006666666666666667
0 0.46316666666666667 0.42716666666666664 0.006666666666666667 0.006666666666666667
0 0.4668333333333333 0.4038333333333333 0.006666666666666667 0.006666666666666667
0 0.43783333333333335 0.3998333333333333 0.006666666666666667 0.006666666666666667
0 0.42983333333333335 0.39916666666666667 0.006666666666666667 0.006666666666666667
0 0.4221666666666667 0.4031666666666667 0.006666666666666667 0.006666666666666667
0 0.4315 0.4088333333333333 0.006666666666666667 0.006666666666666667
0 0.42583333333333334 0.4161666666666667 0.006666666666666667 0.006666666666666667
0 0.4115 0.41183333333333333 0.006666666666666667 0.006666666666666667
0 0.4021666666666667 0.4151666666666667 0.006666666666666667 0.006666666666666667
0 0.40016666666666667 0.42716666666666664 0.006666666666666667 0.006666666666666667
0 0.4061666666666667 0.4051666666666667 0.006666666666666667 0.006666666666666667
0 0.4095 0.3998333333333333 0.006666666666666667 0.006666666666666667
0 0.41583333333333333 0.39016666666666666 0.006666666666666667 0.006666666666666667
0 0.42083333333333334 0.3898333333333333 0.006666666666666667 0.006666666666666667
0 0.4265 0.37983333333333336 0.006666666666666667 0.006666666666666667
0 0.4275 0.3695 0.006666666666666667 0.006666666666666667
0 0.4088333333333333 0.37783333333333335 0.006666666666666667 0.006666666666666667
0 0.4038333333333333 0.37483333333333335 0.006666666666666667 0.006666666666666667
0 0.4025 0.38183333333333336 0.006666666666666667 0.006666666666666667
0 0.40116666666666667 0.3908333333333333 0.006666666666666667 0.006666666666666667
0 0.2811666666666667 0.4465 0.006666666666666667 0.006666666666666667
0 0.2778333333333333 0.45316666666666666 0.006666666666666667 0.006666666666666667
0 0.2851666666666667 0.4385 0.006666666666666667 0.006666666666666667
0 0.2688333333333333 0.43616666666666665 0.006666666666666667 0.006666666666666667
0 0.27316666666666667 0.43083333333333335 0.006666666666666667 0.006666666666666667
0 0.2785 0.4261666666666667 0.006666666666666667 0.006666666666666667
0 0.2798333333333333 0.42983333333333335 0.006666666666666667 0.006666666666666667
0 0.2881666666666667 0.4231666666666667 0.006666666666666667 0.006666666666666667
0 0.2941666666666667 0.41683333333333333 0.006666666666666667 0.006666666666666667
0 0.2961666666666667 0.4121666666666667 0.006666666666666667 0.006666666666666667
0 0.29483333333333334 0.4265 0.006666666666666667 0.006666666666666667
0 0.30083333333333334 0.43016666666666664 0.006666666666666667 0.006666666666666667
0 0.3065 0.43783333333333335 0.006666666666666667 0.006666666666666667
0 0.31216666666666665 0.4325 0.006666666666666667 0.006666666666666667
0 0.31383333333333335 0.43683333333333335 0.006666666666666667 0.006666666666666667
0 0.3175 0.42916666666666664 0.006666666666666667 0.006666666666666667
0 0.3075 0.4221666666666667 0.006666666666666667 0.006666666666666667
0 0.31183333333333335 0.4231666666666667 0.006666666666666667 0.006666666666666667
0 0.31583333333333335 0.4181666666666667 0.006666666666666667 0.006666666666666667
0 0.3238333333333333 0.4171666666666667 0.006666666666666667 0.006666666666666667
0 0.3285 0.4165 0.006666666666666667 0.006666666666666667
0 0.3328333333333333 0.4191666666666667 0.006666666666666667 0.006666666666666667
0 0.3325 0.4385 0.006666666666666667 0.006666666666666667
0 0.3248333333333333 0.43983333333333335 0.006666666666666667 0.006666666666666667
0 0.35583333333333333 0.43883333333333335 0.006666666666666667 0.006666666666666667
0 0.3525 0.43216666666666664 0.006666666666666667 0.006666666666666667
0 0.3545 0.42916666666666664 0.006666666666666667 0.006666666666666667
0 0.3551666666666667 0.42083333333333334 0.006666666666666667 0.006666666666666667
0 0.3615 0.4245 0.006666666666666667 0.006666666666666667
0 0.3641666666666667 0.4315 0.006666666666666667 0.006666666666666667
0 0.3695 0.42683333333333334 0.006666666666666667 0.006666666666666667
0 0.3775 0.4231666666666667 0.006666666666666667 0.006666666666666667
0 0.3705 0.4125 0.006666666666666667 0.006666666666666667
0 0.3308333333333333 0.4068333333333333 0.006666666666666667 0.006666666666666667
0 0.3245 0.4031666666666667 0.006666666666666667 0.006666666666666667
0 0.32183333333333336 0.3948333333333333 0.006666666666666667 0.006666666666666667
0 0.3195 0.38816666666666666 0.006666666666666667 0.006666666666666667
0 0.3255 0.3868333333333333 0.006666666666666667 0.006666666666666667
0 0.2845 0.37316666666666665 0.006666666666666667 0.006666666666666667
0 0.2785 0.37383333333333335 0.006666666666666667 0.006666666666666667
0 0.2658333333333333 0.35083333333333333 0.006666666666666667 0.006666666666666667
0 0.3075 0.36383333333333334 0.006666666666666667 0.006666666666666667
0 0.2608333333333333 0.44783333333333336 0.006666666666666667 0.006666666666666667
0 0.26616666666666666 0.44383333333333336 0.006666666666666667 0.006666666666666667
0 0.2688333333333333 0.4445 0.006666666666666667 0.006666666666666667
0 0.3435 0.4015 0.006666666666666667 0.006666666666666667
0 0.3438333333333333 0.39416666666666667 0.006666666666666667 0.006666666666666667
0 0.33716666666666667 0.3948333333333333 0.006666666666666667 0.006666666666666667
0 0.34983333333333333 0.3855 0.006666666666666667 0.006666666666666667
0 0.3255 0.37883333333333336 0.006666666666666667 0.006666666666666667
0 0.33416666666666667 0.37416666666666665 0.006666666666666667 0.006666666666666667
0 0.3375 0.36716666666666664 0.006666666666666667 0.006666666666666667
0 0.3665 0.3815 0.006666666666666667 0.006666666666666667
0 0.37083333333333335 0.38483333333333336 0.006666666666666667 0.006666666666666667
0 0.3695 0.39516666666666667 0.006666666666666667 0.006666666666666667
0 0.36983333333333335 0.4035 0.006666666666666667 0.006666666666666667
0 0.37316666666666665 0.3995 0.006666666666666667 0.006666666666666667
0 0.38716666666666666 0.4115 0.006666666666666667 0.006666666666666667
0 0.3905 0.4055 0.006666666666666667 0.006666666666666667
0 0.3958333333333333 0.39916666666666667 0.006666666666666667 0.006666666666666667
0 0.38283333333333336 0.3878333333333333 0.006666666666666667 0.006666666666666667
0 0.3835 0.3805 0.006666666666666667 0.006666666666666667
0 0.37383333333333335 0.3765 0.006666666666666667 0.006666666666666667
0 0.36816666666666664 0.3735 0.006666666666666667 0.006666666666666667
0 0.3355 0.3481666666666667 0.006666666666666667 0.006666666666666667
0 0.3455 0.3405 0.006666666666666667 0.006666666666666667
0 0.3825 0.36616666666666664 0.006666666666666667 0.006666666666666667
0 0.38916666666666666 0.3501666666666667 0.006666666666666667 0.006666666666666667
0 0.38816666666666666 0.33916666666666667 0.006666666666666667 0.006666666666666667
0 0.4025 0.3385 0.006666666666666667 0.006666666666666667
0 0.4101666666666667 0.3401666666666667 0.006666666666666667 0.006666666666666667
0 0.4091666666666667 0.3451666666666667 0.006666666666666667 0.006666666666666667
0 0.4181666666666667 0.33716666666666667 0.006666666666666667 0.006666666666666667
0 0.4135 0.33216666666666667 0.006666666666666667 0.006666666666666667
0 0.3955 0.3135 0.006666666666666667 0.006666666666666667
0 0.37183333333333335 0.30516666666666664 0.006666666666666667 0.006666666666666667
0 0.3735 0.3235 0.006666666666666667 0.006666666666666667
0 0.3461666666666667 0.31416666666666665 0.006666666666666667 0.006666666666666667
0 0.3238333333333333 0.30683333333333335 0.006666666666666667 0.006666666666666667
0 0.31683333333333336 0.32116666666666666 0.006666666666666667 0.006666666666666667
0 0.24283333333333335 0.31983333333333336 0.006666666666666667 0.006666666666666667
0 0.3505 0.3501666666666667 0.006666666666666667 0.006666666666666667
0 0.43583333333333335 0.3611666666666667 0.006666666666666667 0.006666666666666667
0 0.4698333333333333 0.3595 0.006666666666666667 0.006666666666666667
0 0.4851666666666667 0.37816666666666665 0.006666666666666667 0.006666666666666667
0 0.4945 0.37483333333333335 0.006666666666666667 0.006666666666666667
0 0.4498333333333333 0.33516666666666667 0.006666666666666667 0.006666666666666667
0 0.43016666666666664 0.3295 0.006666666666666667 0.006666666666666667
0 0.4141666666666667 0.2981666666666667 0.006666666666666667 0.006666666666666667
0 0.42583333333333334 0.30516666666666664 0.006666666666666667 0.006666666666666667
0 0.43016666666666664 0.3015 0.006666666666666667 0.006666666666666667
0 0.4275 0.2981666666666667 0.006666666666666667 0.006666666666666667
0 0.43883333333333335 0.2905 0.006666666666666667 0.006666666666666667
0 0.45116666666666666 0.29683333333333334 0.006666666666666667 0.006666666666666667
0 0.4558333333333333 0.3001666666666667 0.006666666666666667 0.006666666666666667
0 0.4508333333333333 0.31583333333333335 0.006666666666666667 0.006666666666666667
0 0.4505 0.32216666666666666 0.006666666666666667 0.006666666666666667
0 0.4555 0.31816666666666665 0.006666666666666667 0.006666666666666667
0 0.4455 0.3315 0.006666666666666667 0.006666666666666667
0 0.47483333333333333 0.32416666666666666 0.006666666666666667 0.006666666666666667
0 0.4618333333333333 0.30516666666666664 0.006666666666666667 0.006666666666666667
0 0.4731666666666667 0.30616666666666664 0.006666666666666667 0.006666666666666667
0 0.48183333333333334 0.3045 0.006666666666666667 0.006666666666666667
0 0.49583333333333335 0.3225 0.006666666666666667 0.006666666666666667
0 0.4881666666666667 0.3258333333333333 0.006666666666666667 0.006666666666666667
0 0.48783333333333334 0.3298333333333333 0.006666666666666667 0.006666666666666667
0 0.4915 0.3345 0.006666666666666667 0.006666666666666667
0 0.49383333333333335 0.3388333333333333 0.006666666666666667 0.006666666666666667
0 0.49083333333333334 0.3431666666666667 0.006666666666666667 0.006666666666666667
0 0.48383333333333334 0.3461666666666667 0.006666666666666667 0.006666666666666667
0 0.4395 0.44716666666666666 0.006666666666666667 0.006666666666666667
0 0.29383333333333334 0.4048333333333333 0.006666666666666667 0.006666666666666667
0 0.32816666666666666 0.39616666666666667 0.006666666666666667 0.006666666666666667
0 0.3315 0.3905 0.006666666666666667 0.006666666666666667
0 0.3408333333333333 0.2798333333333333 0.006666666666666667 0.006666666666666667
0 0.3451666666666667 0.23616666666666666 0.006666666666666667 0.006666666666666667
0 0.33916666666666667 0.2105 0.006666666666666667 0.006666666666666667
0 0.26116666666666666 0.18216666666666667 0.006666666666666667 0.006666666666666667
0 0.2638333333333333 0.18216666666666667 0.006666666666666667 0.006666666666666667
0 0.23716666666666666 0.1765 0.006666666666666667 0.006666666666666667
0 0.2628333333333333 0.16116666666666668 0.006666666666666667 0.006666666666666667
0 0.2851666666666667 0.15016666666666667 0.006666666666666667 0.006666666666666667
0 0.3348333333333333 0.16883333333333334 0.006666666666666667 0.006666666666666667
0 0.3601666666666667 0.1805 0.006666666666666667 0.006666666666666667
0 0.35683333333333334 0.12383333333333334 0.006666666666666667 0.006666666666666667
0 0.3908333333333333 0.15183333333333332 0.006666666666666667 0.006666666666666667
0 0.3988333333333333 0.1505 0.006666666666666667 0.006666666666666667
0 0.3998333333333333 0.14383333333333334 0.006666666666666667 0.006666666666666667
0 0.41083333333333333 0.13716666666666666 0.006666666666666667 0.006666666666666667
0 0.4065 0.16916666666666666 0.006666666666666667 0.006666666666666667
0 0.3925 0.18583333333333332 0.006666666666666667 0.006666666666666667
0 0.38216666666666665 0.1925 0.006666666666666667 0.006666666666666667
0 0.37583333333333335 0.19983333333333334 0.006666666666666667 0.006666666666666667
0 0.37216666666666665 0.18083333333333335 0.006666666666666667 0.006666666666666667
0 0.38183333333333336 0.2285 0.006666666666666667 0.006666666666666667
0 0.39616666666666667 0.23116666666666666 0.006666666666666667 0.006666666666666667
0 0.4008333333333333 0.22916666666666666 0.006666666666666667 0.006666666666666667
0 0.4161666666666667 0.19283333333333333 0.006666666666666667 0.006666666666666667
0 0.43316666666666664 0.1635 0.006666666666666667 0.006666666666666667
0 0.4355 0.12583333333333332 0.006666666666666667 0.006666666666666667
0 0.4831666666666667 0.18216666666666667 0.006666666666666667 0.006666666666666667
0 0.5015 0.17216666666666666 0.006666666666666667 0.006666666666666667
0 0.4465 0.23316666666666666 0.006666666666666667 0.006666666666666667
0 0.4415 0.23616666666666666 0.006666666666666667 0.006666666666666667
0 0.43883333333333335 0.2455 0.006666666666666667 0.006666666666666667
0 0.43083333333333335 0.2475 0.006666666666666667 0.006666666666666667
0 0.4265 0.25116666666666665 0.006666666666666667 0.006666666666666667
0 0.4098333333333333 0.24283333333333335 0.006666666666666667 0.006666666666666667
0 0.4015 0.24416666666666667 0.006666666666666667 0.006666666666666667
0 0.4111666666666667 0.24916666666666668 0.006666666666666667 0.006666666666666667
0 0.41383333333333333 0.2565 0.006666666666666667 0.006666666666666667
0 0.4161666666666667 0.24583333333333332 0.006666666666666667 0.006666666666666667
0 0.42283333333333334 0.24283333333333335 0.006666666666666667 0.006666666666666667
0 0.4215 0.24783333333333332 0.006666666666666667 0.006666666666666667
0 0.42583333333333334 0.2645 0.006666666666666667 0.006666666666666667
0 0.4285 0.2775 0.006666666666666667 0.006666666666666667
0 0.43783333333333335 0.2795 0.006666666666666667 0.006666666666666667
0 0.4365 0.2738333333333333 0.006666666666666667 0.006666666666666667
0 0.4345 0.26616666666666666 0.006666666666666667 0.006666666666666667
0 0.4405 0.26316666666666666 0.006666666666666667 0.006666666666666667
0 0.44116666666666665 0.2698333333333333 0.006666666666666667 0.006666666666666667
0 0.45216666666666666 0.2758333333333333 0.006666666666666667 0.006666666666666667
0 0.4575 0.2775 0.006666666666666667 0.006666666666666667
0 0.4575 0.2851666666666667 0.006666666666666667 0.006666666666666667
0 0.4555 0.25216666666666665 0.006666666666666667 0.006666666666666667
0 0.4585 0.2465 0.006666666666666667 0.006666666666666667
0 0.4785 0.2615 0.006666666666666667 0.006666666666666667
0 0.4915 0.26316666666666666 0.006666666666666667 0.006666666666666667
0 0.49816666666666665 0.25283333333333335 0.006666666666666667 0.006666666666666667
0 0.5038333333333334 0.2658333333333333 0.006666666666666667 0.006666666666666667
0 0.5051666666666667 0.27316666666666667 0.006666666666666667 0.006666666666666667
0 0.3755 0.25916666666666666 0.006666666666666667 0.006666666666666667
0 0.2465 0.0295 0.006666666666666667 0.006666666666666667
0 0.2425 0.0385 0.006666666666666667 0.006666666666666667
0 0.2365 0.041833333333333333 0.006666666666666667 0.006666666666666667
0 0.24183333333333334 0.011166666666666667 0.006666666666666667 0.006666666666666667
0 0.23516666666666666 0.011833333333333333 0.006666666666666667 0.006666666666666667
0 0.2715 0.021833333333333333 0.006666666666666667 0.006666666666666667
0 0.42783333333333334 0.051166666666666666 0.006666666666666667 0.006666666666666667
0 0.3898333333333333 0.09616666666666666 0.006666666666666667 0.006666666666666667
0 0.1885 0.1025 0.006666666666666667 0.006666666666666667
0 0.4775 0.025166666666666667 0.006666666666666667 0.006666666666666667
0 0.4665 0.0325 0.006666666666666667 0.006666666666666667
0 0.4518333333333333 0.08016666666666666 0.006666666666666667 0.006666666666666667
0 0.44783333333333336 0.08583333333333333 0.006666666666666667 0.006666666666666667
0 0.5011666666666666 0.057166666666666664 0.006666666666666667 0.006666666666666667
0 0.5365 0.0225 0.006666666666666667 0.006666666666666667
0 0.5285 0.0265 0.006666666666666667 0.006666666666666667
0 0.5148333333333334 0.09583333333333334 0.006666666666666667 0.006666666666666667
0 0.5175 0.07783333333333334 0.006666666666666667 0.006666666666666667
0 0.4518333333333333 0.1235 0.006666666666666667 0.006666666666666667
0 0.5701666666666667 0.10983333333333334 0.006666666666666667 0.006666666666666667
0 0.5395 0.1275 0.006666666666666667 0.006666666666666667
0 0.5198333333333334 0.19216666666666668 0.006666666666666667 0.006666666666666667
0 0.5738333333333333 0.017166666666666667 0.006666666666666667 0.006666666666666667
0 0.43016666666666664 0.1695 0.006666666666666667 0.006666666666666667
0 0.6091666666666666 0.12383333333333334 0.006666666666666667 0.006666666666666667
0 0.6328333333333334 0.1175 0.006666666666666667 0.006666666666666667
0 0.7365 0.18083333333333335 0.006666666666666667 0.006666666666666667
0 0.6981666666666667 0.1455 0.006666666666666667 0.006666666666666667
0 0.6905 0.2445 0.006666666666666667 0.006666666666666667
0 0.6855 0.25483333333333336 0.006666666666666667 0.006666666666666667
0 0.7485 0.2555 0.006666666666666667 0.006666666666666667
0 0.7458333333333333 0.25216666666666665 0.006666666666666667 0.006666666666666667
0 0.6705 0.2841666666666667 0.006666666666666667 0.006666666666666667
0 0.6771666666666667 0.2801666666666667 0.006666666666666667 0.006666666666666667
0 0.6545 0.2785 0.006666666666666667 0.006666666666666667
0 0.6585 0.28783333333333333 0.006666666666666667 0.006666666666666667
0 0.5091666666666667 0.19983333333333334 0.006666666666666667 0.006666666666666667
0 0.5241666666666667 0.26716666666666666 0.006666666666666667 0.006666666666666667
0 0.5408333333333334 0.2848333333333333 0.006666666666666667 0.006666666666666667
0 0.5545 0.2818333333333333 0.006666666666666667 0.006666666666666667
0 0.5568333333333333 0.27516666666666667 0.006666666666666667 0.006666666666666667
0 0.5508333333333333 0.2718333333333333 0.006666666666666667 0.006666666666666667
0 0.5631666666666667 0.27116666666666667 0.006666666666666667 0.006666666666666667
0 0.5751666666666667 0.2735 0.006666666666666667 0.006666666666666667
0 0.5668333333333333 0.2875 0.006666666666666667 0.006666666666666667
0 0.5975 0.27416666666666667 0.006666666666666667 0.006666666666666667
0 0.6021666666666666 0.2715 0.006666666666666667 0.006666666666666667
0 0.6081666666666666 0.2735 0.006666666666666667 0.006666666666666667
0 0.6201666666666666 0.2615 0.006666666666666667 0.006666666666666667
0 0.6291666666666667 0.26516666666666666 0.006666666666666667 0.006666666666666667
0 0.6268333333333334 0.2771666666666667 0.006666666666666667 0.006666666666666667
0 0.6105 0.2818333333333333 0.006666666666666667 0.006666666666666667
0 0.6005 0.2865 0.006666666666666667 0.006666666666666667
0 0.5958333333333333 0.3045 0.006666666666666667 0.006666666666666667
0 0.6108333333333333 0.3025 0.006666666666666667 0.006666666666666667
0 0.6448333333333334 0.29083333333333333 0.006666666666666667 0.006666666666666667
0 0.6115 0.30983333333333335 0.006666666666666667 0.006666666666666667
0 0.5781666666666667 0.30983333333333335 0.006666666666666667 0.006666666666666667
0 0.5855 0.31216666666666665 0.006666666666666667 0.006666666666666667
0 0.5938333333333333 0.3095 0.006666666666666667 0.006666666666666667
0 0.5958333333333333 0.3115 0.006666666666666667 0.006666666666666667
0 0.5778333333333333 0.2625 0.006666666666666667 0.006666666666666667
0 0.6975 0.2175 0.006666666666666667 0.006666666666666667
0 0.5091666666666667 0.22583333333333333 0.006666666666666667 0.006666666666666667
0 0.5028333333333334 0.3515 0.006666666666666667 0.006666666666666667
0 0.5231666666666667 0.3355 0.006666666666666667 0.006666666666666667
0 0.5165 0.3465 0.006666666666666667 0.006666666666666667
0 0.5315 0.3385 0.006666666666666667 0.006666666666666667
0 0.5308333333333334 0.3288333333333333 0.006666666666666667 0.006666666666666667
0 0.5395 0.33016666666666666 0.006666666666666667 0.006666666666666667
0 0.5708333333333333 0.31616666666666665 0.006666666666666667 0.006666666666666667
0 0.5601666666666667 0.3248333333333333 0.006666666666666667 0.006666666666666667
0 0.5591666666666667 0.35383333333333333 0.006666666666666667 0.006666666666666667
0 0.5685 0.35283333333333333 0.006666666666666667 0.006666666666666667
0 0.5315 0.3468333333333333 0.006666666666666667 0.006666666666666667
0 0.5528333333333333 0.3655 0.006666666666666667 0.006666666666666667
0 0.49816666666666665 0.38516666666666666 0.006666666666666667 0.006666666666666667
0 0.49783333333333335 0.4041666666666667 0.006666666666666667 0.006666666666666667
0 0.5191666666666667 0.4165 0.006666666666666667 0.006666666666666667
0 0.5058333333333334 0.4205 0.006666666666666667 0.006666666666666667
0 0.5105 0.41683333333333333 0.006666666666666667 0.006666666666666667
0 0.5145 0.40016666666666667 0.006666666666666667 0.006666666666666667
0 0.5271666666666667 0.39716666666666667 0.006666666666666667 0.006666666666666667
0 0.5111666666666667 0.3775 0.006666666666666667 0.006666666666666667
0 0.4935 0.4475 0.006666666666666667 0.006666666666666667
0 0.6241666666666666 0.3968333333333333 0.006666666666666667 0.006666666666666667
0 0.6185 0.34883333333333333 0.006666666666666667 0.006666666666666667
0 0.6131666666666666 0.3505 0.006666666666666667 0.006666666666666667
0 0.6308333333333334 0.37016666666666664 0.006666666666666667 0.006666666666666667
0 0.6375 0.3531666666666667 0.006666666666666667 0.006666666666666667
0 0.6561666666666667 0.3625 0.006666666666666667 0.006666666666666667
0 0.6815 0.3295 0.006666666666666667 0.006666666666666667
0 0.6768333333333333 0.3238333333333333 0.006666666666666667 0.006666666666666667
0 0.6811666666666667 0.31616666666666665 0.006666666666666667 0.006666666666666667
0 0.7211666666666666 0.3545 0.006666666666666667 0.006666666666666667
0 0.6915 0.35783333333333334 0.006666666666666667 0.006666666666666667
0 0.7078333333333333 0.36983333333333335 0.006666666666666667 0.006666666666666667
0 0.7085 0.38316666666666666 0.006666666666666667 0.006666666666666667
0 0.7175 0.3935 0.006666666666666667 0.006666666666666667
0 0.7355 0.3875 0.006666666666666667 0.006666666666666667
0 0.7231666666666666 0.38516666666666666 0.006666666666666667 0.006666666666666667
0 0.6948333333333333 0.3988333333333333 0.006666666666666667 0.006666666666666667
0 0.7025 0.4085 0.006666666666666667 0.006666666666666667
0 0.6838333333333333 0.4335 0.006666666666666667 0.006666666666666667
0 0.6711666666666667 0.4151666666666667 0.006666666666666667 0.006666666666666667
0 0.6645 0.4375 0.006666666666666667 0.006666666666666667
0 0.6578333333333334 0.4488333333333333 0.006666666666666667 0.006666666666666667
0 0.6705 0.4498333333333333 0.006666666666666667 0.006666666666666667
0 0.6295 0.43483333333333335 0.006666666666666667 0.006666666666666667
0 0.6358333333333334 0.43016666666666664 0.006666666666666667 0.006666666666666667
0 0.6861666666666667 0.36816666666666664 0.006666666666666667 0.006666666666666667
0 0.7401666666666666 0.3401666666666667 0.006666666666666667 0.006666666666666667
0 0.6248333333333334 0.36483333333333334 0.006666666666666667 0.006666666666666667
0 0.5858333333333333 0.3358333333333333 0.006666666666666667 0.006666666666666667
0 0.5851666666666666 0.3395 0.006666666666666667 0.006666666666666667
0 0.5831666666666667 0.3431666666666667 0.006666666666666667 0.006666666666666667
0 0.6881666666666667 0.3955 0.006666666666666667 0.006666666666666667
0 0.5548333333333333 0.46116666666666667 0.006666666666666667 0.006666666666666667
0 0.49983333333333335 0.5105 0.006666666666666667 0.006666666666666667
0 0.5091666666666667 0.5535 0.006666666666666667 0.006666666666666667
0 0.5301666666666667 0.5771666666666667 0.006666666666666667 0.006666666666666667
0 0.5348333333333334 0.5741666666666667 0.006666666666666667 0.006666666666666667
0 0.5565 0.5655 0.006666666666666667 0.006666666666666667
0 0.5668333333333333 0.5671666666666667 0.006666666666666667 0.006666666666666667
0 0.5768333333333333 0.5491666666666667 0.006666666666666667 0.006666666666666667
0 0.5835 0.5321666666666667 0.006666666666666667 0.006666666666666667
0 0.5888333333333333 0.5231666666666667 0.006666666666666667 0.006666666666666667
0 0.6061666666666666 0.5085 0.006666666666666667 0.006666666666666667
0 0.5928333333333333 0.4915 0.006666666666666667 0.006666666666666667
0 0.6051666666666666 0.4851666666666667 0.006666666666666667 0.006666666666666667
0 0.6395 0.5058333333333334 0.006666666666666667 0.006666666666666667
0 0.6405 0.5171666666666667 0.006666666666666667 0.006666666666666667
0 0.6315 0.5155 0.006666666666666667 0.006666666666666667
0 0.6531666666666667 0.5155 0.006666666666666667 0.006666666666666667
0 0.6575 0.4671666666666667 0.006666666666666667 0.006666666666666667
0 0.6495 0.4741666666666667 0.006666666666666667 0.006666666666666667
0 0.6881666666666667 0.4151666666666667 0.006666666666666667 0.006666666666666667
0 0.7161666666666666 0.5415 0.006666666666666667 0.006666666666666667
0 0.6415 0.5648333333333333 0.006666666666666667 0.006666666666666667
0 0.6328333333333334 0.5705 0.006666666666666667 0.006666666666666667
0 0.6338333333333334 0.5791666666666667 0.006666666666666667 0.006666666666666667
0 0.6268333333333334 0.5885 0.006666666666666667 0.006666666666666667
0 0.6065 0.5658333333333333 0.006666666666666667 0.006666666666666667
0 0.6848333333333333 0.5745 0.006666666666666667 0.006666666666666667
0 0.5201666666666667 0.5831666666666667 0.006666666666666667 0.006666666666666667
0 0.5898333333333333 0.5145 0.006666666666666667 0.006666666666666667
0 0.6121666666666666 0.5281666666666667 0.006666666666666667 0.006666666666666667
0 0.6405 0.5425 0.006666666666666667 0.006666666666666667
0 0.6458333333333334 0.5321666666666667 0.006666666666666667 0.006666666666666667
0 0.6958333333333333 0.46116666666666667 0.006666666666666667 0.006666666666666667
0 0.7068333333333333 0.4161666666666667 0.006666666666666667 0.006666666666666667
0 0.7205 0.5651666666666667 0.006666666666666667 0.006666666666666667
0 0.7251666666666666 0.6001666666666666 0.006666666666666667 0.006666666666666667
0 0.7195 0.5988333333333333 0.006666666666666667 0.006666666666666667
0 0.7281666666666666 0.6321666666666667 0.006666666666666667 0.006666666666666667
0 0.6748333333333333 0.6258333333333334 0.006666666666666667 0.006666666666666667
0 0.5951666666666666 0.6645 0.006666666666666667 0.006666666666666667
0 0.5885 0.6991666666666667 0.006666666666666667 0.006666666666666667
0 0.5405 0.6775 0.006666666666666667 0.006666666666666667
0 0.5671666666666667 0.7408333333333333 0.006666666666666667 0.006666666666666667
0 0.5525 0.7298333333333333 0.006666666666666667 0.006666666666666667
0 0.5868333333333333 0.7448333333333333 0.006666666666666667 0.006666666666666667
0 0.6128333333333333 0.7275 0.006666666666666667 0.006666666666666667
0 0.6688333333333333 0.7188333333333333 0.006666666666666667 0.006666666666666667
0 0.7278333333333333 0.6611666666666667 0.006666666666666667 0.006666666666666667
0 0.5451666666666667 0.7628333333333334 0.006666666666666667 0.006666666666666667
0 0.5458333333333333 0.8075 0.006666666666666667 0.006666666666666667
0 0.5258333333333334 0.8165 0.006666666666666667 0.006666666666666667
0 0.5348333333333334 0.8158333333333333 0.006666666666666667 0.006666666666666667
0 0.5391666666666667 0.8165 0.006666666666666667 0.006666666666666667
0 0.5311666666666667 0.8351666666666666 0.006666666666666667 0.006666666666666667
0 0.5255 0.8335 0.006666666666666667 0.006666666666666667
0 0.5611666666666667 0.8815 0.006666666666666667 0.006666666666666667
0 0.5768333333333333 0.8655 0.006666666666666667 0.006666666666666667
0 0.5735 0.8625 0.006666666666666667 0.006666666666666667
0 0.6638333333333334 0.8635 0.006666666666666667 0.006666666666666667
0 0.6901666666666667 0.8685 0.006666666666666667 0.006666666666666667
0 0.7225 0.8178333333333333 0.006666666666666667 0.006666666666666667
0 0.7295 0.7925 0.006666666666666667 0.006666666666666667
0 0.7298333333333333 0.7711666666666667 0.006666666666666667 0.006666666666666667
0 0.5635 0.8718333333333333 0.006666666666666667 0.006666666666666667
0 0.5741666666666667 0.8825 0.006666666666666667 0.006666666666666667
0 0.5801666666666667 0.8821666666666667 0.006666666666666667 0.006666666666666667
0 0.5755 0.8288333333333333 0.006666666666666667 0.006666666666666667
0 0.5118333333333334 0.9898333333333333 0.006666666666666667 0.006666666666666667
0 0.5375 0.9801666666666666 0.006666666666666667 0.006666666666666667
0 0.5295 0.9965 0.006666666666666667 0.006666666666666667
0 0.5358333333333334 0.9948333333333333 0.006666666666666667 0.006666666666666667
0 0.6131666666666666 0.8945 0.006666666666666667 0.006666666666666667
0 0.6061666666666666 0.8968333333333334 0.006666666666666667 0.006666666666666667
0 0.6268333333333334 0.8951666666666667 0.006666666666666667 0.006666666666666667
0 0.5675 0.9098333333333334 0.006666666666666667 0.006666666666666667
0 0.5795 0.9468333333333333 0.006666666666666667 0.006666666666666667
0 0.6385 0.9468333333333333 0.006666666666666667 0.006666666666666667
0 0.6988333333333333 0.8975 0.006666666666666667 0.006666666666666667
0 0.5218333333333334 0.9131666666666667 0.006666666666666667 0.006666666666666667
0 0.6231666666666666 0.9191666666666667 0.006666666666666667 0.006666666666666667
0 0.8068333333333333 0.8898333333333334 0.006666666666666667 0.006666666666666667
0 0.8058333333333333 0.8841666666666667 0.006666666666666667 0.006666666666666667
0 0.7505 0.9041666666666667 0.006666666666666667 0.006666666666666667
0 0.8175 0.9775 0.006666666666666667 0.006666666666666667
0 0.8158333333333333 0.9611666666666666 0.006666666666666667 0.006666666666666667
0 0.8245 0.9601666666666666 0.006666666666666667 0.006666666666666667
0 0.8025 0.9511666666666667 0.006666666666666667 0.006666666666666667
0 0.8321666666666667 0.9178333333333333 0.006666666666666667 0.006666666666666667
0 0.8025 0.9155 0.006666666666666667 0.006666666666666667
0 0.8365 0.9268333333333333 0.006666666666666667 0.006666666666666667
0 0.8515 0.9128333333333334 0.006666666666666667 0.006666666666666667
0 0.8598333333333333 0.8985 0.006666666666666667 0.006666666666666667
0 0.8535 0.8765 0.006666666666666667 0.006666666666666667
0 0.8491666666666666 0.8791666666666667 0.006666666666666667 0.006666666666666667
0 0.7615 0.8358333333333333 0.006666666666666667 0.006666666666666667
0 0.8555 0.8358333333333333 0.006666666666666667 0.006666666666666667
0 0.8578333333333333 0.8288333333333333 0.006666666666666667 0.006666666666666667
0 0.8761666666666666 0.8161666666666667 0.006666666666666667 0.006666666666666667
0 0.8991666666666667 0.8365 0.006666666666666667 0.006666666666666667
0 0.9108333333333334 0.8395 0.006666666666666667 0.006666666666666667
0 0.9098333333333334 0.8471666666666666 0.006666666666666667 0.006666666666666667
0 0.8891666666666667 0.8551666666666666 0.006666666666666667 0.006666666666666667
0 0.8855 0.8638333333333333 0.006666666666666667 0.006666666666666667
0 0.8768333333333334 0.8595 0.006666666666666667 0.006666666666666667
0 0.9295 0.9148333333333334 0.006666666666666667 0.006666666666666667
0 0.9408333333333333 0.9055 0.006666666666666667 0.006666666666666667
0 0.9428333333333333 0.8981666666666667 0.006666666666666667 0.006666666666666667
0 0.9351666666666667 0.8931666666666667 0.006666666666666667 0.006666666666666667
0 0.9365 0.8821666666666667 0.006666666666666667 0.006666666666666667
0 0.9365 0.8778333333333334 0.006666666666666667 0.006666666666666667
0 0.9191666666666667 0.9561666666666667 0.006666666666666667 0.006666666666666667
0 0.9441666666666667 0.9258333333333333 0.006666666666666667 0.006666666666666667
0 0.9385 0.9201666666666667 0.006666666666666667 0.006666666666666667
0 0.9098333333333334 0.9358333333333333 0.006666666666666667 0.006666666666666667
0 0.8968333333333334 0.9318333333333333 0.006666666666666667 0.006666666666666667
0 0.8931666666666667 0.9428333333333333 0.006666666666666667 0.006666666666666667
0 0.8625 0.9591666666666666 0.006666666666666667 0.006666666666666667
0 0.8555 0.9368333333333333 0.006666666666666667 0.006666666666666667
0 0.7745 0.7585 0.006666666666666667 0.006666666666666667
0 0.7828333333333334 0.7891666666666667 0.006666666666666667 0.006666666666666667
0 0.7595 0.8068333333333333 0.006666666666666667 0.006666666666666667
0 0.8525 0.7465 0.006666666666666667 0.006666666666666667
0 0.8398333333333333 0.7108333333333333 0.006666666666666667 0.006666666666666667
0 0.8315 0.7095 0.006666666666666667 0.006666666666666667
0 0.8821666666666667 0.7171666666666666 0.006666666666666667 0.006666666666666667
0 0.8681666666666666 0.7135 0.006666666666666667 0.006666666666666667
0 0.8551666666666666 0.7165 0.006666666666666667 0.006666666666666667
0 0.8838333333333334 0.7315 0.006666666666666667 0.006666666666666667
0 0.9445 0.7225 0.006666666666666667 0.006666666666666667
0 0.9605 0.7291666666666666 0.006666666666666667 0.006666666666666667
0 0.9465 0.6991666666666667 0.006666666666666667 0.006666666666666667
0 0.9201666666666667 0.7021666666666667 0.006666666666666667 0.006666666666666667
0 0.8921666666666667 0.6751666666666667 0.006666666666666667 0.006666666666666667
0 0.9165 0.7558333333333334 0.006666666666666667 0.006666666666666667
0 0.8965 0.7815 0.006666666666666667 0.006666666666666667
0 0.8915 0.7881666666666667 0.006666666666666667 0.006666666666666667
0 0.8148333333333333 0.7328333333333333 0.006666666666666667 0.006666666666666667
0 0.8085 0.7348333333333333 0.006666666666666667 0.006666666666666667
0 0.7748333333333334 0.6308333333333334 0.006666666666666667 0.006666666666666667
0 0.7518333333333334 0.6028333333333333 0.006666666666666667 0.006666666666666667
0 0.7741666666666667 0.6145 0.006666666666666667 0.006666666666666667
0 0.8168333333333333 0.6241666666666666 0.006666666666666667 0.006666666666666667
0 0.8345 0.5798333333333333 0.006666666666666667 0.006666666666666667
0 0.8281666666666667 0.5855 0.006666666666666667 0.006666666666666667
0 0.9565 0.5038333333333334 0.006666666666666667 0.006666666666666667
0 0.9511666666666667 0.5091666666666667 0.006666666666666667 0.006666666666666667
0 0.9431666666666667 0.5041666666666667 0.006666666666666667 0.006666666666666667
0 0.8601666666666666 0.5211666666666667 0.006666666666666667 0.006666666666666667
0 0.9308333333333333 0.6328333333333334 0.006666666666666667 0.006666666666666667
0 0.8875 0.6261666666666666 0.006666666666666667 0.006666666666666667
0 0.8805 0.6185 0.006666666666666667 0.006666666666666667
0 0.8341666666666666 0.6688333333333333 0.006666666666666667 0.006666666666666667
0 0.8255 0.6711666666666667 0.006666666666666667 0.006666666666666667
0 0.8825 0.5198333333333334 0.006666666666666667 0.006666666666666667
0 0.8681666666666666 0.5235 0.006666666666666667 0.006666666666666667
0 0.8598333333333333 0.5555 0.006666666666666667 0.006666666666666667
0 0.7505 0.39116666666666666 0.006666666666666667 0.006666666666666667
0 0.7785 0.39016666666666666 0.006666666666666667 0.006666666666666667
0 0.7921666666666667 0.3855 0.006666666666666667 0.006666666666666667
0 0.7818333333333334 0.4048333333333333 0.006666666666666667 0.006666666666666667
0 0.7861666666666667 0.4105 0.006666666666666667 0.006666666666666667
0 0.7888333333333334 0.4095 0.006666666666666667 0.006666666666666667
0 0.7941666666666667 0.4105 0.006666666666666667 0.006666666666666667
0 0.7895 0.4181666666666667 0.006666666666666667 0.006666666666666667
0 0.8108333333333333 0.4031666666666667 0.006666666666666667 0.006666666666666667
0 0.8128333333333333 0.3988333333333333 0.006666666666666667 0.006666666666666667
0 0.8298333333333333 0.4071666666666667 0.006666666666666667 0.006666666666666667
0 0.8245 0.4031666666666667 0.006666666666666667 0.006666666666666667
0 0.8148333333333333 0.38483333333333336 0.006666666666666667 0.006666666666666667
0 0.8208333333333333 0.3615 0.006666666666666667 0.006666666666666667
0 0.7471666666666666 0.33216666666666667 0.006666666666666667 0.006666666666666667
0 0.8515 0.3958333333333333 0.006666666666666667 0.006666666666666667
0 0.8708333333333333 0.3418333333333333 0.006666666666666667 0.006666666666666667
0 0.8301666666666667 0.3465 0.006666666666666667 0.006666666666666667
0 0.9041666666666667 0.43483333333333335 0.006666666666666667 0.006666666666666667
0 0.8091666666666667 0.5211666666666667 0.006666666666666667 0.006666666666666667
0 0.8081666666666667 0.49683333333333335 0.006666666666666667 0.006666666666666667
0 0.8218333333333333 0.47383333333333333 0.006666666666666667 0.006666666666666667
0 0.9435 0.45016666666666666 0.006666666666666667 0.006666666666666667
0 0.9508333333333333 0.4488333333333333 0.006666666666666667 0.006666666666666667
0 0.9651666666666666 0.4518333333333333 0.006666666666666667 0.006666666666666667
0 0.8488333333333333 0.3868333333333333 0.006666666666666667 0.006666666666666667
0 0.8618333333333333 0.23116666666666666 0.006666666666666667 0.006666666666666667
0 0.8648333333333333 0.2705 0.006666666666666667 0.006666666666666667
0 0.9018333333333334 0.25516666666666665 0.006666666666666667 0.006666666666666667
0 0.9141666666666667 0.24683333333333332 0.006666666666666667 0.006666666666666667
0 0.9481666666666667 0.25616666666666665 0.006666666666666667 0.006666666666666667
0 0.8781666666666667 0.3015 0.006666666666666667 0.006666666666666667
0 0.9275 0.2941666666666667 0.006666666666666667 0.006666666666666667
0 0.9198333333333333 0.2985 0.006666666666666667 0.006666666666666667
0 0.9135 0.3185 0.006666666666666667 0.006666666666666667
0 0.8305 0.32316666666666666 0.006666666666666667 0.006666666666666667
0 0.8211666666666667 0.2535 0.006666666666666667 0.006666666666666667
0 0.8181666666666667 0.2615 0.006666666666666667 0.006666666666666667
0 0.7445 0.2758333333333333 0.006666666666666667 0.006666666666666667
0 0.8631666666666666 0.3915 0.006666666666666667 0.006666666666666667
0 0.8001666666666667 0.2818333333333333 0.006666666666666667 0.006666666666666667
0 0.7808333333333334 0.31316666666666665 0.006666666666666667 0.006666666666666667
0 0.7961666666666667 0.2995 0.006666666666666667 0.006666666666666667
0 0.7978333333333333 0.3935 0.006666666666666667 0.006666666666666667
0 0.7921666666666667 0.4041666666666667 0.006666666666666667 0.006666666666666667
0 0.7968333333333333 0.4061666666666667 0.006666666666666667 0.006666666666666667
0 0.8065 0.28883333333333333 0.006666666666666667 0.006666666666666667
0 0.8021666666666667 0.2668333333333333 0.006666666666666667 0.006666666666666667
0 0.8058333333333333 0.1795 0.006666666666666667 0.006666666666666667
0 0.8491666666666666 0.20316666666666666 0.006666666666666667 0.006666666666666667
0 0.8395 0.20316666666666666 0.006666666666666667 0.006666666666666667
0 0.8878333333333334 0.21316666666666667 0.006666666666666667 0.006666666666666667
0 0.8695 0.1615 0.006666666666666667 0.006666666666666667
0 0.8731666666666666 0.14283333333333334 0.006666666666666667 0.006666666666666667
0 0.8898333333333334 0.14316666666666666 0.006666666666666667 0.006666666666666667
0 0.8805 0.14383333333333334 0.006666666666666667 0.006666666666666667
0 0.9031666666666667 0.0695 0.006666666666666667 0.006666666666666667
0 0.9161666666666667 0.0625 0.006666666666666667 0.006666666666666667
0 0.9245 0.07516666666666667 0.006666666666666667 0.006666666666666667
0 0.9165 0.0985 0.006666666666666667 0.006666666666666667
0 0.9418333333333333 0.13083333333333333 0.006666666666666667 0.006666666666666667
0 0.9321666666666667 0.12783333333333333 0.006666666666666667 0.006666666666666667
0 0.9215 0.13983333333333334 0.006666666666666667 0.006666666666666667
0 0.8948333333333334 0.20316666666666666 0.006666666666666667 0.006666666666666667
0 0.8968333333333334 0.19583333333333333 0.006666666666666667 0.006666666666666667
0 0.9295 0.17783333333333334 0.006666666666666667 0.006666666666666667
0 0.8241666666666667 0.23283333333333334 0.006666666666666667 0.006666666666666667
0 0.9278333333333333 0.1465 0.006666666666666667 0.006666666666666667
0 0.7688333333333334 0.014833333333333334 0.006666666666666667 0.006666666666666667
0 0.9138333333333334 0.04816666666666667 0.006666666666666667 0.006666666666666667
0 0.9271666666666667 0.03816666666666667 0.006666666666666667 0.006666666666666667
0 0.9461666666666667 0.0075 0.006666666666666667 0.006666666666666667
0 0.9868333333333333 0.03383333333333333 0.006666666666666667 0.006666666666666667
0 0.9808333333333333 0.036833333333333336 0.006666666666666667 0.006666666666666667
0 0.9675 0.033166666666666664 0.006666666666666667 0.006666666666666667
0 0.9625 0.0345 0.006666666666666667 0.006666666666666667
0 0.9621666666666666 0.041833333333333333 0.006666666666666667 0.006666666666666667
0 0.9568333333333333 0.036833333333333336 0.006666666666666667 0.006666666666666667
0 0.9745 0.11516666666666667 0.006666666666666667 0.006666666666666667
0 0.9345 0.09683333333333333 0.006666666666666667 0.006666666666666667
0 0.9345 0.1075 0.006666666666666667 0.006666666666666667
0 0.9531666666666667 0.16083333333333333 0.006666666666666667 0.006666666666666667
0 0.9941666666666666 0.0595 0.006666666666666667 0.006666666666666667
0 0.9725 0.19416666666666665 0.006666666666666667 0.006666666666666667
0 0.9565 0.21783333333333332 0.006666666666666667 0.006666666666666667
0 0.9671666666666666 0.2655 0.006666666666666667 0.006666666666666667
0 0.9858333333333333 0.2935 0.006666666666666667 0.006666666666666667
0 0.9611666666666666 0.2851666666666667 0.006666666666666667 0.006666666666666667
0 0.9538333333333333 0.2915 0.006666666666666667 0.006666666666666667
0 0.9538333333333333 0.3235 0.006666666666666667 0.006666666666666667
0 0.9661666666666666 0.31483333333333335 0.006666666666666667 0.006666666666666667
0 0.8991666666666667 0.31416666666666665 0.006666666666666667 0.006666666666666667
0 0.9695 0.35883333333333334 0.006666666666666667 0.006666666666666667
0 0.9791666666666666 0.3755 0.006666666666666667 0.006666666666666667
0 0.9855 0.37116666666666664 0.006666666666666667 0.006666666666666667
0 0.9765 0.38116666666666665 0.006666666666666667 0.006666666666666667
0 0.9835 0.4078333333333333 0.006666666666666667 0.006666666666666667
0 0.9725 0.4105 0.006666666666666667 0.006666666666666667
0 0.9741666666666666 0.41883333333333334 0.006666666666666667 0.006666666666666667
0 0.9815 0.42583333333333334 0.006666666666666667 0.006666666666666667
0 0.9898333333333333 0.4051666666666667 0.006666666666666667 0.006666666666666667
0 0.8355 0.4555 0.006666666666666667 0.006666666666666667
0 0.9718333333333333 0.4495 0.006666666666666667 0.006666666666666667
0 0.9755 0.44583333333333336 0.006666666666666667 0.006666666666666667
0 0.9088333333333334 0.44583333333333336 0.006666666666666667 0.006666666666666667
0 0.8098333333333333 0.4101666666666667 0.006666666666666667 0.006666666666666667
0 0.9931666666666666 0.6911666666666667 0.006666666666666667 0.006666666666666667
0 0.9971666666666666 0.6405 0.006666666666666667 0.006666666666666667
0 0.9621666666666666 0.6368333333333334 0.006666666666666667 0.006666666666666667
0 0.9851666666666666 0.9518333333333333 0.006666666666666667 0.006666666666666667
0 0.9618333333333333 0.9361666666666667 0.006666666666666667 0.006666666666666667
0 0.9711666666666666 0.9271666666666667 0.006666666666666667 0.006666666666666667
0 0.9868333333333333 0.9258333333333333 0.006666666666666667 0.006666666666666667
0 0.9958333333333333 0.9278333333333333 0.006666666666666667 0.006666666666666667
0 0.9961666666666666 0.9468333333333333 0.006666666666666667 0.006666666666666667
0 0.9808333333333333 0.9785 0.006666666666666667 0.006666666666666667
0 0.9565 0.9668333333333333 0.006666666666666667 0.006666666666666667
0 0.9678333333333333 0.9161666666666667 0.006666666666666667 0.006666666666666667
0 0.9811666666666666 0.9178333333333333 0.006666666666666667 0.006666666666666667
0 0.9495 0.9061666666666667 0.006666666666666667 0.006666666666666667
0 0.9541666666666667 0.9051666666666667 0.006666666666666667 0.006666666666666667
0 0.9655 0.8698333333333333 0.006666666666666667 0.006666666666666667
0 0.9611666666666666 0.8781666666666667 0.006666666666666667 0.006666666666666667
0 0.9668333333333333 0.8821666666666667 0.006666666666666667 0.006666666666666667
0 0.9875 0.8951666666666667 0.006666666666666667 0.006666666666666667
0 0.9691666666666666 0.9101666666666667 0.006666666666666667 0.006666666666666667
0 0.9705 0.9078333333333334 0.006666666666666667 0.006666666666666667
0 0.9635 0.9035 0.006666666666666667 0.006666666666666667
0 0.9951666666666666 0.8865 0.006666666666666667 0.006666666666666667
0 0.9958333333333333 0.8798333333333334 0.006666666666666667 0.006666666666666667
0 0.9925 0.7988333333333333 0.006666666666666667 0.006666666666666667
0 0.9038333333333334 0.8181666666666667 0.006666666666666667 0.006666666666666667
0 0.8691666666666666 0.8431666666666666 0.006666666666666667 0.006666666666666667
0 0.9665 0.9611666666666666 0.006666666666666667 0.006666666666666667
0 0.9838333333333333 0.9725 0.006666666666666667 0.006666666666666667
0 0.9761666666666666 0.8045 0.006666666666666667 0.006666666666666667
0 0.9331666666666667 0.8125 0.006666666666666667 0.006666666666666667
