0 0.8981666666666667 0.9288333333333333 0.006666666666666667 0.006666666666666667
0 0.9295 0.9131666666666667 0.006666666666666667 0.006666666666666667
0 0.9435 0.8975 0.006666666666666667 0.006666666666666667
0 0.9565 0.8895 0.006666666666666667 0.006666666666666667
0 0.9681666666666666 0.8818333333333334 0.006666666666666667 0.006666666666666667
0 0.9601666666666666 0.8765 0.006666666666666667 0.006666666666666667
0 0.9848333333333333 0.8928333333333334 0.006666666666666667 0.006666666666666667
0 0.9945 0.8848333333333334 0.006666666666666667 0.006666666666666667
0 0.9938333333333333 0.8765 0.006666666666666667 0.006666666666666667
0 0.9675 0.9171666666666667 0.006666666666666667 0.006666666666666667
0 0.9791666666666666 0.9161666666666667 0.006666666666666667 0.006666666666666667
0 0.9848333333333333 0.9251666666666667 0.006666666666666667 0.006666666666666667
0 0.9965 0.9278333333333333 0.006666666666666667 0.006666666666666667
0 0.9698333333333333 0.9105 0.006666666666666667 0.006666666666666667
0 0.9631666666666666 0.9031666666666667 0.006666666666666667 0.006666666666666667
0 0.9431666666666667 0.9261666666666667 0.006666666666666667 0.006666666666666667
0 0.9395 0.9185 0.006666666666666667 0.006666666666666667
0 0.9668333333333333 0.9608333333333333 0.006666666666666667 0.006666666666666667
0 0.9768333333333333 0.9775 0.006666666666666667 0.006666666666666667
0 0.9838333333333333 0.9711666666666666 0.006666666666666667 0.006666666666666667
0 0.9075 0.9328333333333333 0.006666666666666667 0.006666666666666667
0 0.8158333333333333 0.9758333333333333 0.006666666666666667 0.006666666666666667
0 0.8271666666666667 0.9588333333333333 0.006666666666666667 0.006666666666666667
0 0.8368333333333333 0.9278333333333333 0.006666666666666667 0.006666666666666667
0 0.8301666666666667 0.9131666666666667 0.006666666666666667 0.006666666666666667
0 0.8025 0.9138333333333334 0.006666666666666667 0.006666666666666667
0 0.8035 0.9488333333333333 0.006666666666666667 0.006666666666666667
0 0.8495 0.9111666666666667 0.006666666666666667 0.006666666666666667
0 0.8595 0.8981666666666667 0.006666666666666667 0.006666666666666667
0 0.8851666666666667 0.8598333333333333 0.006666666666666667 0.006666666666666667
0 0.8865 0.8538333333333333 0.006666666666666667 0.006666666666666667
0 0.8771666666666667 0.8571666666666666 0.006666666666666667 0.006666666666666667
0 0.8975 0.8345 0.006666666666666667 0.006666666666666667
0 0.8848333333333334 0.8261666666666667 0.006666666666666667 0.006666666666666667
0 0.8561666666666666 0.8271666666666667 0.006666666666666667 0.006666666666666667
0 0.8558333333333333 0.8345 0.006666666666666667 0.006666666666666667
0 0.8351666666666666 0.8595 0.006666666666666667 0.006666666666666667
0 0.8091666666666667 0.8728333333333333 0.006666666666666667 0.006666666666666667
0 0.9361666666666667 0.8771666666666667 0.006666666666666667 0.006666666666666667
0 0.9755 0.8025 0.006666666666666667 0.006666666666666667
0 0.9175 0.7521666666666667 0.006666666666666667 0.006666666666666667
0 0.9531666666666667 0.7275 0.006666666666666667 0.006666666666666667
0 0.8951666666666667 0.7648333333333334 0.006666666666666667 0.006666666666666667
0 0.8971666666666667 0.7805 0.006666666666666667 0.006666666666666667
0 0.8535 0.7455 0.006666666666666667 0.006666666666666667
0 0.8415 0.7388333333333333 0.006666666666666667 0.006666666666666667
0 0.8841666666666667 0.7318333333333333 0.006666666666666667 0.006666666666666667
0 0.7811666666666667 0.7888333333333334 0.006666666666666667 0.006666666666666667
0 0.7735 0.7585 0.006666666666666667 0.006666666666666667
0 0.6998333333333333 0.8971666666666667 0.006666666666666667 0.006666666666666667
0 0.6385 0.9458333333333333 0.006666666666666667 0.006666666666666667
0 0.5778333333333333 0.9468333333333333 0.006666666666666667 0.006666666666666667
0 0.4855 0.9881666666666666 0.006666666666666667 0.006666666666666667
0 0.5171666666666667 0.9888333333333333 0.006666666666666667 0.006666666666666667
0 0.5298333333333334 0.8351666666666666 0.006666666666666667 0.006666666666666667
0 0.5445 0.8038333333333333 0.006666666666666667 0.006666666666666667
0 0.4885 0.8055 0.006666666666666667 0.006666666666666667
0 0.5621666666666667 0.7971666666666667 0.006666666666666667 0.006666666666666667
0 0.5455 0.7615 0.006666666666666667 0.006666666666666667
0 0.5675 0.7401666666666666 0.006666666666666667 0.006666666666666667
0 0.5521666666666667 0.7285 0.006666666666666667 0.006666666666666667
0 0.5228333333333334 0.7308333333333333 0.006666666666666667 0.006666666666666667
0 0.6281666666666667 0.8948333333333334 0.006666666666666667 0.006666666666666667
0 0.6615 0.8615 0.006666666666666667 0.006666666666666667
0 0.8458333333333333 0.8758333333333334 0.006666666666666667 0.006666666666666667
0 0.8548333333333333 0.8748333333333334 0.006666666666666667 0.006666666666666667
0 0.9601666666666666 0.9341666666666667 0.006666666666666667 0.006666666666666667
0 0.9701666666666666 0.9268333333333333 0.006666666666666667 0.006666666666666667
0 0.8568333333333333 0.9345 0.006666666666666667 0.006666666666666667
0 0.9591666666666666 0.7265 0.006666666666666667 0.006666666666666667
0 0.9455 0.7211666666666666 0.006666666666666667 0.006666666666666667
0 0.9455 0.6965 0.006666666666666667 0.006666666666666667
0 0.9935 0.6895 0.006666666666666667 0.006666666666666667
0 0.9991666666666666 0.7131666666666666 0.006666666666666667 0.006666666666666667
0 0.8841666666666667 0.7175 0.006666666666666667 0.006666666666666667
0 0.8698333333333333 0.7131666666666666 0.006666666666666667 0.006666666666666667
0 0.8568333333333333 0.7178333333333333 0.006666666666666667 0.006666666666666667
0 0.8395 0.7088333333333333 0.006666666666666667 0.006666666666666667
0 0.8161666666666667 0.7311666666666666 0.006666666666666667 0.006666666666666667
0 0.8078333333333333 0.7345 0.006666666666666667 0.006666666666666667
0 0.6675 0.7155 0.006666666666666667 0.006666666666666667
0 0.8238333333333333 0.6698333333333333 0.006666666666666667 0.006666666666666667
0 0.8345 0.6661666666666667 0.006666666666666667 0.006666666666666667
0 0.47583333333333333 0.9541666666666667 0.006666666666666667 0.006666666666666667
0 0.4671666666666667 0.7625 0.006666666666666667 0.006666666666666667
0 0.5045 0.7345 0.006666666666666667 0.006666666666666667
0 0.5195 0.7475 0.006666666666666667 0.006666666666666667
0 0.5121666666666667 0.7301666666666666 0.006666666666666667 0.006666666666666667
0 0.5881666666666666 0.6971666666666667 0.006666666666666667 0.006666666666666667
0 0.8168333333333333 0.6238333333333334 0.006666666666666667 0.006666666666666667
0 0.8328333333333333 0.5778333333333333 0.006666666666666667 0.006666666666666667
0 0.7178333333333333 0.5978333333333333 0.006666666666666667 0.006666666666666667
0 0.7195 0.5645 0.006666666666666667 0.006666666666666667
0 0.6518333333333334 0.5151666666666667 0.006666666666666667 0.006666666666666667
0 0.6381666666666667 0.5145 0.006666666666666667 0.006666666666666667
0 0.6285 0.5121666666666667 0.006666666666666667 0.006666666666666667
0 0.6378333333333334 0.5038333333333334 0.006666666666666667 0.006666666666666667
0 0.6708333333333333 0.45016666666666666 0.006666666666666667 0.006666666666666667
0 0.5601666666666667 0.42483333333333334 0.006666666666666667 0.006666666666666667
0 0.5535 0.4575 0.006666666666666667 0.006666666666666667
0 0.6405 0.5631666666666667 0.006666666666666667 0.006666666666666667
0 0.6311666666666667 0.5681666666666667 0.006666666666666667 0.006666666666666667
0 0.6318333333333334 0.5781666666666667 0.006666666666666667 0.006666666666666667
0 0.6261666666666666 0.5868333333333333 0.006666666666666667 0.006666666666666667
0 0.5655 0.5648333333333333 0.006666666666666667 0.006666666666666667
0 0.5565 0.5635 0.006666666666666667 0.006666666666666667
0 0.5341666666666667 0.5725 0.006666666666666667 0.006666666666666667
0 0.5208333333333334 0.5811666666666667 0.006666666666666667 0.006666666666666667
0 0.5085 0.5525 0.006666666666666667 0.006666666666666667
0 0.5921666666666666 0.6625 0.006666666666666667 0.006666666666666667
0 0.5195 0.6535 0.006666666666666667 0.006666666666666667
0 0.5151666666666667 0.6571666666666667 0.006666666666666667 0.006666666666666667
0 0.8571666666666666 0.3948333333333333 0.006666666666666667 0.006666666666666667
0 0.8641666666666666 0.3898333333333333 0.006666666666666667 0.006666666666666667
0 0.8515 0.3938333333333333 0.006666666666666667 0.006666666666666667
0 0.8548333333333333 0.3888333333333333 0.006666666666666667 0.006666666666666667
0 0.8481666666666666 0.3855 0.006666666666666667 0.006666666666666667
0 0.8391666666666666 0.37583333333333335 0.006666666666666667 0.006666666666666667
0 0.8138333333333333 0.38316666666666666 0.006666666666666667 0.006666666666666667
0 0.8305 0.4035 0.006666666666666667 0.006666666666666667
0 0.8251666666666667 0.4045 0.006666666666666667 0.006666666666666667
0 0.8111666666666667 0.4091666666666667 0.006666666666666667 0.006666666666666667
0 0.8088333333333333 0.4021666666666667 0.006666666666666667 0.006666666666666667
0 0.8125 0.39716666666666667 0.006666666666666667 0.006666666666666667
0 0.7981666666666667 0.3935 0.006666666666666667 0.006666666666666667
0 0.7778333333333334 0.3878333333333333 0.006666666666666667 0.006666666666666667
0 0.7905 0.3855 0.006666666666666667 0.006666666666666667
0 0.7931666666666667 0.3775 0.006666666666666667 0.006666666666666667
0 0.7991666666666667 0.37416666666666665 0.006666666666666667 0.006666666666666667
0 0.8071666666666667 0.37483333333333335 0.006666666666666667 0.006666666666666667
0 0.8111666666666667 0.36883333333333335 0.006666666666666667 0.006666666666666667
0 0.7265 0.42283333333333334 0.006666666666666667 0.006666666666666667
0 0.7355 0.4105 0.006666666666666667 0.006666666666666667
0 0.7161666666666666 0.39316666666666666 0.006666666666666667 0.006666666666666667
0 0.7231666666666666 0.38316666666666666 0.006666666666666667 0.006666666666666667
0 0.7031666666666667 0.4081666666666667 0.006666666666666667 0.006666666666666667
0 0.6955 0.3978333333333333 0.006666666666666667 0.006666666666666667
0 0.7195 0.3531666666666667 0.006666666666666667 0.006666666666666667
0 0.7295 0.3485 0.006666666666666667 0.006666666666666667
0 0.7398333333333333 0.3395 0.006666666666666667 0.006666666666666667
0 0.7455 0.3308333333333333 0.006666666666666667 0.006666666666666667
0 0.6361666666666667 0.3541666666666667 0.006666666666666667 0.006666666666666667
0 0.6248333333333334 0.3631666666666667 0.006666666666666667 0.006666666666666667
0 0.6235 0.3965 0.006666666666666667 0.006666666666666667
0 0.6551666666666667 0.3611666666666667 0.006666666666666667 0.006666666666666667
0 0.6195 0.3475 0.006666666666666667 0.006666666666666667
0 0.5611666666666667 0.3235 0.006666666666666667 0.006666666666666667
0 0.5701666666666667 0.31416666666666665 0.006666666666666667 0.006666666666666667
0 0.5768333333333333 0.30783333333333335 0.006666666666666667 0.006666666666666667
0 0.5978333333333333 0.30216666666666664 0.006666666666666667 0.006666666666666667
0 0.6101666666666666 0.30083333333333334 0.006666666666666667 0.006666666666666667
0 0.6105 0.30983333333333335 0.006666666666666667 0.006666666666666667
0 0.8771666666666667 0.2995 0.006666666666666667 0.006666666666666667
0 0.9611666666666666 0.2831666666666667 0.006666666666666667 0.006666666666666667
0 0.9521666666666667 0.2905 0.006666666666666667 0.006666666666666667
0 0.9658333333333333 0.26516666666666666 0.006666666666666667 0.006666666666666667
0 0.9721666666666666 0.4161666666666667 0.006666666666666667 0.006666666666666667
0 0.9725 0.4091666666666667 0.006666666666666667 0.006666666666666667
0 0.9911666666666666 0.4045 0.006666666666666667 0.006666666666666667
0 0.9031666666666667 0.43483333333333335 0.006666666666666667 0.006666666666666667
0 0.8838333333333334 0.4195 0.006666666666666667 0.006666666666666667
0 0.8598333333333333 0.5545 0.006666666666666667 0.006666666666666667
0 0.8195 0.25083333333333335 0.006666666666666667 0.006666666666666667
0 0.8228333333333333 0.23116666666666666 0.006666666666666667 0.006666666666666667
0 0.8591666666666666 0.22816666666666666 0.006666666666666667 0.006666666666666667
0 0.8881666666666667 0.21216666666666667 0.006666666666666667 0.006666666666666667
0 0.8941666666666667 0.2025 0.006666666666666667 0.006666666666666667
0 0.9468333333333333 0.25416666666666665 0.006666666666666667 0.006666666666666667
0 0.9141666666666667 0.24483333333333332 0.006666666666666667 0.006666666666666667
0 0.8625 0.2698333333333333 0.006666666666666667 0.006666666666666667
0 0.9111666666666667 0.31516666666666665 0.006666666666666667 0.006666666666666667
0 0.9255 0.2931666666666667 0.006666666666666667 0.006666666666666667
0 0.9318333333333333 0.30316666666666664 0.006666666666666667 0.006666666666666667
0 0.9665 0.31283333333333335 0.006666666666666667 0.006666666666666667
0 0.9555 0.32116666666666666 0.006666666666666667 0.006666666666666667
0 0.9848333333333333 0.2921666666666667 0.006666666666666667 0.006666666666666667
0 0.7668333333333334 0.3011666666666667 0.006666666666666667 0.006666666666666667
0 0.8171666666666667 0.25983333333333336 0.006666666666666667 0.006666666666666667
0 0.7435 0.2725 0.006666666666666667 0.006666666666666667
0 0.6815 0.3268333333333333 0.006666666666666667 0.006666666666666667
0 0.6725 0.28883333333333333 0.006666666666666667 0.006666666666666667
0 0.6765 0.2785 0.006666666666666667 0.006666666666666667
0 0.6698333333333333 0.2828333333333333 0.006666666666666667 0.006666666666666667
0 0.6548333333333334 0.2765 0.006666666666666667 0.006666666666666667
0 0.6071666666666666 0.2808333333333333 0.006666666666666667 0.006666666666666667
0 0.6888333333333333 0.24183333333333334 0.006666666666666667 0.006666666666666667
0 0.6841666666666667 0.2535 0.006666666666666667 0.006666666666666667
0 0.5898333333333333 0.5128333333333334 0.006666666666666667 0.006666666666666667
0 0.6071666666666666 0.5075 0.006666666666666667 0.006666666666666667
0 0.5858333333333333 0.5218333333333334 0.006666666666666667 0.006666666666666667
0 0.4615 0.4081666666666667 0.006666666666666667 0.006666666666666667
0 0.4661666666666667 0.4005 0.006666666666666667 0.006666666666666667
0 0.4558333333333333 0.4038333333333333 0.006666666666666667 0.006666666666666667
0 0.4508333333333333 0.4111666666666667 0.006666666666666667 0.006666666666666667
0 0.44516666666666665 0.4091666666666667 0.006666666666666667 0.006666666666666667
0 0.43716666666666665 0.39816666666666667 0.006666666666666667 0.006666666666666667
0 0.43916666666666665 0.41783333333333333 0.006666666666666667 0.006666666666666667
0 0.4475 0.4171666666666667 0.006666666666666667 0.006666666666666667
0 0.43616666666666665 0.4235 0.006666666666666667 0.006666666666666667
0 0.4435 0.4251666666666667 0.006666666666666667 0.006666666666666667
0 0.4485 0.42283333333333334 0.006666666666666667 0.006666666666666667
0 0.4585 0.4145 0.006666666666666667 0.006666666666666667
0 0.4608333333333333 0.4261666666666667 0.006666666666666667 0.006666666666666667
0 0.4505 0.43016666666666664 0.006666666666666667 0.006666666666666667
0 0.44683333333333336 0.4345 0.006666666666666667 0.006666666666666667
0 0.44083333333333335 0.43716666666666665 0.006666666666666667 0.006666666666666667
0 0.4385 0.4435 0.006666666666666667 0.006666666666666667
0 0.43683333333333335 0.4495 0.006666666666666667 0.006666666666666667
0 0.4851666666666667 0.37783333333333335 0.006666666666666667 0.006666666666666667
0 0.49483333333333335 0.3735 0.006666666666666667 0.006666666666666667
0 0.5098333333333334 0.3755 0.006666666666666667 0.006666666666666667
0 0.49716666666666665 0.3825 0.006666666666666667 0.006666666666666667
0 0.4965 0.4025 0.006666666666666667 0.006666666666666667
0 0.49383333333333335 0.44616666666666666 0.006666666666666667 0.006666666666666667
0 0.4785 0.4548333333333333 0.006666666666666667 0.006666666666666667
0 0.4608333333333333 0.4675 0.006666666666666667 0.006666666666666667
0 0.5195 0.41683333333333333 0.006666666666666667 0.006666666666666667
0 0.6848333333333333 0.36783333333333335 0.006666666666666667 0.006666666666666667
0 0.6905 0.35583333333333333 0.006666666666666667 0.006666666666666667
0 0.2941666666666667 0.8301666666666667 0.006666666666666667 0.006666666666666667
0 0.3005 0.8105 0.006666666666666667 0.006666666666666667
0 0.2851666666666667 0.8161666666666667 0.006666666666666667 0.006666666666666667
0 0.2795 0.8285 0.006666666666666667 0.006666666666666667
0 0.25083333333333335 0.8381666666666666 0.006666666666666667 0.006666666666666667
0 0.4618333333333333 0.8448333333333333 0.006666666666666667 0.006666666666666667
0 0.4245 0.7028333333333333 0.006666666666666667 0.006666666666666667
0 0.44383333333333336 0.6871666666666667 0.006666666666666667 0.006666666666666667
0 0.4538333333333333 0.6795 0.006666666666666667 0.006666666666666667
0 0.39816666666666667 0.6918333333333333 0.006666666666666667 0.006666666666666667
0 0.34883333333333333 0.6875 0.006666666666666667 0.006666666666666667
0 0.35083333333333333 0.6771666666666667 0.006666666666666667 0.006666666666666667
0 0.31783333333333336 0.6975 0.006666666666666667 0.006666666666666667
0 0.3011666666666667 0.6961666666666667 0.006666666666666667 0.006666666666666667
0 0.28883333333333333 0.7261666666666666 0.006666666666666667 0.006666666666666667
0 0.2748333333333333 0.7445 0.006666666666666667 0.006666666666666667
0 0.26716666666666666 0.7411666666666666 0.006666666666666667 0.006666666666666667
0 0.2618333333333333 0.7568333333333334 0.006666666666666667 0.006666666666666667
0 0.2515 0.7891666666666667 0.006666666666666667 0.006666666666666667
0 0.24583333333333332 0.7815 0.006666666666666667 0.006666666666666667
0 0.31716666666666665 0.7598333333333334 0.006666666666666667 0.006666666666666667
0 0.2305 0.7805 0.006666666666666667 0.006666666666666667
0 0.23016666666666666 0.8035 0.006666666666666667 0.006666666666666667
0 0.21916666666666668 0.8115 0.006666666666666667 0.006666666666666667
0 0.20883333333333334 0.8071666666666667 0.006666666666666667 0.006666666666666667
0 0.2155 0.7901666666666667 0.006666666666666667 0.006666666666666667
0 0.22016666666666668 0.8005 0.006666666666666667 0.006666666666666667
0 0.23716666666666666 0.8171666666666667 0.006666666666666667 0.006666666666666667
0 0.2425 0.8215 0.006666666666666667 0.006666666666666667
0 0.2285 0.8188333333333333 0.006666666666666667 0.006666666666666667
0 0.16083333333333333 0.8158333333333333 0.006666666666666667 0.006666666666666667
0 0.15083333333333335 0.8178333333333333 0.006666666666666667 0.006666666666666667
0 0.1555 0.8095 0.006666666666666667 0.006666666666666667
0 0.16816666666666666 0.8391666666666666 0.006666666666666667 0.006666666666666667
0 0.1445 0.8271666666666667 0.006666666666666667 0.006666666666666667
0 0.1275 0.8285 0.006666666666666667 0.006666666666666667
0 0.1295 0.8228333333333333 0.006666666666666667 0.006666666666666667
0 0.11283333333333333 0.8235 0.006666666666666667 0.006666666666666667
0 0.10383333333333333 0.8285 0.006666666666666667 0.006666666666666667
0 0.11416666666666667 0.8451666666666666 0.006666666666666667 0.006666666666666667
0 0.10516666666666667 0.8505 0.006666666666666667 0.006666666666666667
0 0.14216666666666666 0.8615 0.006666666666666667 0.006666666666666667
0 0.1345 0.8605 0.006666666666666667 0.006666666666666667
0 0.1255 0.8648333333333333 0.006666666666666667 0.006666666666666667
0 0.1285 0.8528333333333333 0.006666666666666667 0.006666666666666667
0 0.1185 0.8505 0.006666666666666667 0.006666666666666667
0 0.1525 0.8841666666666667 0.006666666666666667 0.006666666666666667
0 0.1665 0.8685 0.006666666666666667 0.006666666666666667
0 0.19916666666666666 0.8748333333333334 0.006666666666666667 0.006666666666666667
0 0.24016666666666667 0.8485 0.006666666666666667 0.006666666666666667
0 0.3408333333333333 0.7011666666666667 0.006666666666666667 0.006666666666666667
0 0.3365 0.7061666666666667 0.006666666666666667 0.006666666666666667
0 0.23716666666666666 0.8995 0.006666666666666667 0.006666666666666667
0 0.25283333333333335 0.8955 0.006666666666666667 0.006666666666666667
0 0.2525 0.9195 0.006666666666666667 0.006666666666666667
0 0.2205 0.9231666666666667 0.006666666666666667 0.006666666666666667
0 0.1805 0.9231666666666667 0.006666666666666667 0.006666666666666667
0 0.17916666666666667 0.9151666666666667 0.006666666666666667 0.006666666666666667
0 0.20483333333333334 0.9345 0.006666666666666667 0.006666666666666667
0 0.16916666666666666 0.9521666666666667 0.006666666666666667 0.006666666666666667
0 0.1535 0.9668333333333333 0.006666666666666667 0.006666666666666667
0 0.13683333333333333 0.9488333333333333 0.006666666666666667 0.006666666666666667
0 0.10383333333333333 0.9955 0.006666666666666667 0.006666666666666667
0 0.0815 0.9845 0.006666666666666667 0.006666666666666667
0 0.07416666666666667 0.9831666666666666 0.006666666666666667 0.006666666666666667
0 0.07816666666666666 0.9775 0.006666666666666667 0.006666666666666667
0 0.07083333333333333 0.9735 0.006666666666666667 0.006666666666666667
0 0.08283333333333333 0.9551666666666667 0.006666666666666667 0.006666666666666667
0 0.09383333333333334 0.9451666666666667 0.006666666666666667 0.006666666666666667
0 0.11116666666666666 0.9375 0.006666666666666667 0.006666666666666667
0 0.10516666666666667 0.9401666666666667 0.006666666666666667 0.006666666666666667
0 0.12516666666666668 0.9351666666666667 0.006666666666666667 0.006666666666666667
0 0.11316666666666667 0.9465 0.006666666666666667 0.006666666666666667
0 0.06483333333333334 0.9485 0.006666666666666667 0.006666666666666667
0 0.0725 0.9435 0.006666666666666667 0.006666666666666667
0 0.06483333333333334 0.9441666666666667 0.006666666666666667 0.006666666666666667
0 0.059166666666666666 0.9408333333333333 0.006666666666666667 0.006666666666666667
0 0.057166666666666664 0.9478333333333333 0.006666666666666667 0.006666666666666667
0 0.03816666666666667 0.9805 0.006666666666666667 0.006666666666666667
0 0.03716666666666667 0.9735 0.006666666666666667 0.006666666666666667
0 0.0345 0.9678333333333333 0.006666666666666667 0.006666666666666667
0 0.008166666666666666 0.9815 0.006666666666666667 0.006666666666666667
0 0.0135 0.9778333333333333 0.006666666666666667 0.006666666666666667
0 0.027166666666666665 0.9431666666666667 0.006666666666666667 0.006666666666666667
0 0.0315 0.9378333333333333 0.006666666666666667 0.006666666666666667
0 0.0315 0.9295 0.006666666666666667 0.006666666666666667
0 0.0335 0.9235 0.006666666666666667 0.006666666666666667
0 0.03916666666666667 0.9188333333333333 0.006666666666666667 0.006666666666666667
0 0.043833333333333335 0.9098333333333334 0.006666666666666667 0.006666666666666667
0 0.0475 0.9228333333333333 0.006666666666666667 0.006666666666666667
0 0.04583333333333333 0.9278333333333333 0.006666666666666667 0.006666666666666667
0 0.04516666666666667 0.9355 0.006666666666666667 0.006666666666666667
0 0.051833333333333335 0.9295 0.006666666666666667 0.006666666666666667
0 0.0605 0.9301666666666667 0.006666666666666667 0.006666666666666667
0 0.05683333333333333 0.9228333333333333 0.006666666666666667 0.006666666666666667
0 0.06483333333333334 0.9195 0.006666666666666667 0.006666666666666667
0 0.059166666666666666 0.9145 0.006666666666666667 0.006666666666666667
0 0.05416666666666667 0.9188333333333333 0.006666666666666667 0.006666666666666667
0 0.051833333333333335 0.9021666666666667 0.006666666666666667 0.006666666666666667
0 0.057166666666666664 0.9041666666666667 0.006666666666666667 0.006666666666666667
0 0.06483333333333334 0.9055 0.006666666666666667 0.006666666666666667
0 0.0795 0.9095 0.006666666666666667 0.006666666666666667
0 0.08416666666666667 0.9071666666666667 0.006666666666666667 0.006666666666666667
0 0.08383333333333333 0.8985 0.006666666666666667 0.006666666666666667
0 0.0895 0.8951666666666667 0.006666666666666667 0.006666666666666667
0 0.10083333333333333 0.8938333333333334 0.006666666666666667 0.006666666666666667
0 0.11283333333333333 0.8831666666666667 0.006666666666666667 0.006666666666666667
0 0.11183333333333334 0.8751666666666666 0.006666666666666667 0.006666666666666667
0 0.1055 0.8725 0.006666666666666667 0.006666666666666667
0 0.10383333333333333 0.8775 0.006666666666666667 0.006666666666666667
0 0.12216666666666667 0.8865 0.006666666666666667 0.006666666666666667
0 0.11316666666666667 0.9011666666666667 0.006666666666666667 0.006666666666666667
0 0.0985 0.9141666666666667 0.006666666666666667 0.006666666666666667
0 0.13283333333333333 0.8875 0.006666666666666667 0.006666666666666667
0 0.14516666666666667 0.8731666666666666 0.006666666666666667 0.006666666666666667
0 0.16316666666666665 0.8538333333333333 0.006666666666666667 0.006666666666666667
0 0.018166666666666668 0.9388333333333333 0.006666666666666667 0.006666666666666667
0 0.0225 0.9275 0.006666666666666667 0.006666666666666667
0 0.0215 0.9061666666666667 0.006666666666666667 0.006666666666666667
0 0.016833333333333332 0.9108333333333334 0.006666666666666667 0.006666666666666667
0 0.0028333333333333335 0.9055 0.006666666666666667 0.006666666666666667
0 0.011166666666666667 0.8938333333333334 0.006666666666666667 0.006666666666666667
0 0.0011666666666666668 0.8948333333333334 0.006666666666666667 0.006666666666666667
0 0.0115 0.8751666666666666 0.006666666666666667 0.006666666666666667
0 0.004833333333333334 0.8561666666666666 0.006666666666666667 0.006666666666666667
0 0.007833333333333333 0.8495 0.006666666666666667 0.006666666666666667
0 0.012166666666666666 0.8448333333333333 0.006666666666666667 0.006666666666666667
0 0.04616666666666667 0.8608333333333333 0.006666666666666667 0.006666666666666667
0 0.027166666666666665 0.8738333333333334 0.006666666666666667 0.006666666666666667
0 0.017166666666666667 0.8638333333333333 0.006666666666666667 0.006666666666666667
0 0.07616666666666666 0.8348333333333333 0.006666666666666667 0.006666666666666667
0 0.0615 0.8345 0.006666666666666667 0.006666666666666667
0 0.0615 0.8145 0.006666666666666667 0.006666666666666667
0 0.0625 0.8045 0.006666666666666667 0.006666666666666667
0 0.0475 0.8178333333333333 0.006666666666666667 0.006666666666666667
0 0.0435 0.7965 0.006666666666666667 0.006666666666666667
0 0.010166666666666666 0.7838333333333334 0.006666666666666667 0.006666666666666667
0 0.09516666666666666 0.7521666666666667 0.006666666666666667 0.006666666666666667
0 0.0955 0.7451666666666666 0.006666666666666667 0.006666666666666667
0 0.10283333333333333 0.7301666666666666 0.006666666666666667 0.006666666666666667
0 0.13283333333333333 0.7958333333333333 0.006666666666666667 0.006666666666666667
0 0.1535 0.7708333333333334 0.006666666666666667 0.006666666666666667
0 0.18816666666666668 0.7368333333333333 0.006666666666666667 0.006666666666666667
0 0.2205 0.7188333333333333 0.006666666666666667 0.006666666666666667
0 0.24183333333333334 0.7085 0.006666666666666667 0.006666666666666667
0 0.2385 0.6928333333333333 0.006666666666666667 0.006666666666666667
0 0.2425 0.6791666666666667 0.006666666666666667 0.006666666666666667
0 0.22583333333333333 0.6718333333333333 0.006666666666666667 0.006666666666666667
0 0.19016666666666668 0.6658333333333334 0.006666666666666667 0.006666666666666667
0 0.12516666666666668 0.7085 0.006666666666666667 0.006666666666666667
0 0.32016666666666665 0.9071666666666667 0.006666666666666667 0.006666666666666667
0 0.3555 0.9198333333333333 0.006666666666666667 0.006666666666666667
0 0.3401666666666667 0.6541666666666667 0.006666666666666667 0.006666666666666667
0 0.33516666666666667 0.6605 0.006666666666666667 0.006666666666666667
0 0.4211666666666667 0.6641666666666667 0.006666666666666667 0.006666666666666667
0 0.3978333333333333 0.6541666666666667 0.006666666666666667 0.006666666666666667
0 0.37883333333333336 0.6708333333333333 0.006666666666666667 0.006666666666666667
0 0.4101666666666667 0.6055 0.006666666666666667 0.006666666666666667
0 0.3925 0.5991666666666666 0.006666666666666667 0.006666666666666667
0 0.3858333333333333 0.6048333333333333 0.006666666666666667 0.006666666666666667
0 0.37683333333333335 0.6111666666666666 0.006666666666666667 0.006666666666666667
0 0.37883333333333336 0.5965 0.006666666666666667 0.006666666666666667
0 0.3441666666666667 0.5815 0.006666666666666667 0.006666666666666667
0 0.3245 0.5881666666666666 0.006666666666666667 0.006666666666666667
0 0.3355 0.5938333333333333 0.006666666666666667 0.006666666666666667
0 0.39216666666666666 0.5351666666666667 0.006666666666666667 0.006666666666666667
0 0.37983333333333336 0.5341666666666667 0.006666666666666667 0.006666666666666667
0 0.4261666666666667 0.4575 0.006666666666666667 0.006666666666666667
0 0.42916666666666664 0.43516666666666665 0.006666666666666667 0.006666666666666667
0 0.43583333333333335 0.4285 0.006666666666666667 0.006666666666666667
0 0.4728333333333333 0.4305 0.006666666666666667 0.006666666666666667
0 0.4791666666666667 0.4261666666666667 0.006666666666666667 0.006666666666666667
0 0.3998333333333333 0.42483333333333334 0.006666666666666667 0.006666666666666667
0 0.4145 0.4325 0.006666666666666667 0.006666666666666667
0 0.4181666666666667 0.4295 0.006666666666666667 0.006666666666666667
0 0.42383333333333334 0.42583333333333334 0.006666666666666667 0.006666666666666667
0 0.4305 0.4251666666666667 0.006666666666666667 0.006666666666666667
0 0.4171666666666667 0.43816666666666665 0.006666666666666667 0.006666666666666667
0 0.41483333333333333 0.44683333333333336 0.006666666666666667 0.006666666666666667
0 0.4215 0.4508333333333333 0.006666666666666667 0.006666666666666667
0 0.4191666666666667 0.44283333333333336 0.006666666666666667 0.006666666666666667
0 0.4145 0.45616666666666666 0.006666666666666667 0.006666666666666667
0 0.4061666666666667 0.44916666666666666 0.006666666666666667 0.006666666666666667
0 0.4081666666666667 0.43716666666666665 0.006666666666666667 0.006666666666666667
0 0.4005 0.4508333333333333 0.006666666666666667 0.006666666666666667
0 0.39916666666666667 0.45716666666666667 0.006666666666666667 0.006666666666666667
0 0.39316666666666666 0.4618333333333333 0.006666666666666667 0.006666666666666667
0 0.38716666666666666 0.4705 0.006666666666666667 0.006666666666666667
0 0.38216666666666665 0.4775 0.006666666666666667 0.006666666666666667
0 0.3835 0.48283333333333334 0.006666666666666667 0.006666666666666667
0 0.4005 0.4881666666666667 0.006666666666666667 0.006666666666666667
0 0.4111666666666667 0.4885 0.006666666666666667 0.006666666666666667
0 0.4225 0.49216666666666664 0.006666666666666667 0.006666666666666667
0 0.42716666666666664 0.47483333333333333 0.006666666666666667 0.006666666666666667
0 0.41283333333333333 0.4675 0.006666666666666667 0.006666666666666667
0 0.4101666666666667 0.47483333333333333 0.006666666666666667 0.006666666666666667
0 0.3958333333333333 0.4761666666666667 0.006666666666666667 0.006666666666666667
0 0.36983333333333335 0.4671666666666667 0.006666666666666667 0.006666666666666667
0 0.36883333333333335 0.45916666666666667 0.006666666666666667 0.006666666666666667
0 0.3725 0.45416666666666666 0.006666666666666667 0.006666666666666667
0 0.37916666666666665 0.4495 0.006666666666666667 0.006666666666666667
0 0.38716666666666666 0.44283333333333336 0.006666666666666667 0.006666666666666667
0 0.39216666666666666 0.4495 0.006666666666666667 0.006666666666666667
0 0.3948333333333333 0.4315 0.006666666666666667 0.006666666666666667
0 0.3868333333333333 0.42483333333333334 0.006666666666666667 0.006666666666666667
0 0.3868333333333333 0.43116666666666664 0.006666666666666667 0.006666666666666667
0 0.37816666666666665 0.4285 0.006666666666666667 0.006666666666666667
0 0.37416666666666665 0.43283333333333335 0.006666666666666667 0.006666666666666667
0 0.37683333333333335 0.43783333333333335 0.006666666666666667 0.006666666666666667
0 0.37116666666666664 0.4425 0.006666666666666667 0.006666666666666667
0 0.36583333333333334 0.43916666666666665 0.006666666666666667 0.006666666666666667
0 0.3621666666666667 0.4295 0.006666666666666667 0.006666666666666667
0 0.36783333333333335 0.42383333333333334 0.006666666666666667 0.006666666666666667
0 0.3541666666666667 0.4261666666666667 0.006666666666666667 0.006666666666666667
0 0.35083333333333333 0.43016666666666664 0.006666666666666667 0.006666666666666667
0 0.3541666666666667 0.43683333333333335 0.006666666666666667 0.006666666666666667
0 0.3541666666666667 0.45016666666666666 0.006666666666666667 0.006666666666666667
0 0.3511666666666667 0.45816666666666667 0.006666666666666667 0.006666666666666667
0 0.3641666666666667 0.4525 0.006666666666666667 0.006666666666666667
0 0.36883333333333335 0.4485 0.006666666666666667 0.006666666666666667
0 0.3421666666666667 0.43383333333333335 0.006666666666666667 0.006666666666666667
0 0.3318333333333333 0.43683333333333335 0.006666666666666667 0.006666666666666667
0 0.3255 0.44083333333333335 0.006666666666666667 0.006666666666666667
0 0.31316666666666665 0.43616666666666665 0.006666666666666667 0.006666666666666667
0 0.31883333333333336 0.42583333333333334 0.006666666666666667 0.006666666666666667
0 0.30783333333333335 0.4305 0.006666666666666667 0.006666666666666667
0 0.30416666666666664 0.43616666666666665 0.006666666666666667 0.006666666666666667
0 0.2575 0.6348333333333334 0.006666666666666667 0.006666666666666667
0 0.24683333333333332 0.6291666666666667 0.006666666666666667 0.006666666666666667
0 0.24016666666666667 0.6301666666666667 0.006666666666666667 0.006666666666666667
0 0.22516666666666665 0.6338333333333334 0.006666666666666667 0.006666666666666667
0 0.22783333333333333 0.6395 0.006666666666666667 0.006666666666666667
0 0.2045 0.6418333333333334 0.006666666666666667 0.006666666666666667
0 0.19683333333333333 0.6428333333333334 0.006666666666666667 0.006666666666666667
0 0.20116666666666666 0.6381666666666667 0.006666666666666667 0.006666666666666667
0 0.24383333333333335 0.6105 0.006666666666666667 0.006666666666666667
0 0.26716666666666666 0.6135 0.006666666666666667 0.006666666666666667
0 0.2831666666666667 0.6135 0.006666666666666667 0.006666666666666667
0 0.2771666666666667 0.6058333333333333 0.006666666666666667 0.006666666666666667
0 0.28983333333333333 0.6015 0.006666666666666667 0.006666666666666667
0 0.2995 0.5901666666666666 0.006666666666666667 0.006666666666666667
0 0.2931666666666667 0.5915 0.006666666666666667 0.006666666666666667
0 0.2808333333333333 0.5888333333333333 0.006666666666666667 0.006666666666666667
0 0.2618333333333333 0.5981666666666666 0.006666666666666667 0.006666666666666667
0 0.25683333333333336 0.5911666666666666 0.006666666666666667 0.006666666666666667
0 0.2725 0.5831666666666667 0.006666666666666667 0.006666666666666667
0 0.2841666666666667 0.5741666666666667 0.006666666666666667 0.006666666666666667
0 0.24083333333333334 0.5988333333333333 0.006666666666666667 0.006666666666666667
0 0.25083333333333335 0.5905 0.006666666666666667 0.006666666666666667
0 0.23483333333333334 0.6101666666666666 0.006666666666666667 0.006666666666666667
0 0.22916666666666666 0.6068333333333333 0.006666666666666667 0.006666666666666667
0 0.21583333333333332 0.6115 0.006666666666666667 0.006666666666666667
0 0.2245 0.5991666666666666 0.006666666666666667 0.006666666666666667
0 0.23383333333333334 0.5931666666666666 0.006666666666666667 0.006666666666666667
0 0.23783333333333334 0.5888333333333333 0.006666666666666667 0.006666666666666667
0 0.24183333333333334 0.5831666666666667 0.006666666666666667 0.006666666666666667
0 0.2485 0.5791666666666667 0.006666666666666667 0.006666666666666667
0 0.25416666666666665 0.5758333333333333 0.006666666666666667 0.006666666666666667
0 0.25916666666666666 0.5715 0.006666666666666667 0.006666666666666667
0 0.26316666666666666 0.5665 0.006666666666666667 0.006666666666666667
0 0.2685 0.5601666666666667 0.006666666666666667 0.006666666666666667
0 0.2765 0.5558333333333333 0.006666666666666667 0.006666666666666667
0 0.2818333333333333 0.5521666666666667 0.006666666666666667 0.006666666666666667
0 0.2728333333333333 0.5498333333333333 0.006666666666666667 0.006666666666666667
0 0.2808333333333333 0.5451666666666667 0.006666666666666667 0.006666666666666667
0 0.2865 0.5468333333333333 0.006666666666666667 0.006666666666666667
0 0.2921666666666667 0.5485 0.006666666666666667 0.006666666666666667
0 0.29383333333333334 0.5385 0.006666666666666667 0.006666666666666667
0 0.2985 0.5368333333333334 0.006666666666666667 0.006666666666666667
0 0.30883333333333335 0.5411666666666667 0.006666666666666667 0.006666666666666667
0 0.3105 0.5491666666666667 0.006666666666666667 0.006666666666666667
0 0.3295 0.5328333333333334 0.006666666666666667 0.006666666666666667
0 0.3375 0.5251666666666667 0.006666666666666667 0.006666666666666667
0 0.33116666666666666 0.5231666666666667 0.006666666666666667 0.006666666666666667
0 0.31783333333333336 0.5351666666666667 0.006666666666666667 0.006666666666666667
0 0.29883333333333334 0.5185 0.006666666666666667 0.006666666666666667
0 0.30716666666666664 0.5265 0.006666666666666667 0.006666666666666667
0 0.2931666666666667 0.5231666666666667 0.006666666666666667 0.006666666666666667
0 0.37416666666666665 0.49283333333333335 0.006666666666666667 0.006666666666666667
0 0.3328333333333333 0.49316666666666664 0.006666666666666667 0.006666666666666667
0 0.3511666666666667 0.48283333333333334 0.006666666666666667 0.006666666666666667
0 0.35983333333333334 0.4695 0.006666666666666667 0.006666666666666667
0 0.3551666666666667 0.4671666666666667 0.006666666666666667 0.006666666666666667
0 0.2975 0.4795 0.006666666666666667 0.006666666666666667
0 0.29183333333333333 0.47983333333333333 0.006666666666666667 0.006666666666666667
0 0.2955 0.47383333333333333 0.006666666666666667 0.006666666666666667
0 0.2785 0.4695 0.006666666666666667 0.006666666666666667
0 0.2821666666666667 0.4771666666666667 0.006666666666666667 0.006666666666666667
0 0.2848333333333333 0.4708333333333333 0.006666666666666667 0.006666666666666667
0 0.2885 0.4625 0.006666666666666667 0.006666666666666667
0 0.2821666666666667 0.4615 0.006666666666666667 0.006666666666666667
0 0.2738333333333333 0.4658333333333333 0.006666666666666667 0.006666666666666667
0 0.2865 0.4851666666666667 0.006666666666666667 0.006666666666666667
0 0.28883333333333333 0.48983333333333334 0.006666666666666667 0.006666666666666667
0 0.2861666666666667 0.49083333333333334 0.006666666666666667 0.006666666666666667
0 0.2805 0.49816666666666665 0.006666666666666667 0.006666666666666667
0 0.2738333333333333 0.5008333333333334 0.006666666666666667 0.006666666666666667
0 0.2648333333333333 0.4915 0.006666666666666667 0.006666666666666667
0 0.2665 0.4985 0.006666666666666667 0.006666666666666667
0 0.3175 0.4955 0.006666666666666667 0.006666666666666667
0 0.31116666666666665 0.49616666666666664 0.006666666666666667 0.006666666666666667
0 0.31083333333333335 0.49216666666666664 0.006666666666666667 0.006666666666666667
0 0.30416666666666664 0.49416666666666664 0.006666666666666667 0.006666666666666667
0 0.2961666666666667 0.4965 0.006666666666666667 0.006666666666666667
0 0.2931666666666667 0.5011666666666666 0.006666666666666667 0.006666666666666667
0 0.30283333333333334 0.5071666666666667 0.006666666666666667 0.006666666666666667
0 0.31183333333333335 0.5065 0.006666666666666667 0.006666666666666667
0 0.3165 0.5028333333333334 0.006666666666666667 0.006666666666666667
0 0.3085 0.5151666666666667 0.006666666666666667 0.006666666666666667
0 0.29083333333333333 0.5151666666666667 0.006666666666666667 0.006666666666666667
0 0.2851666666666667 0.5095 0.006666666666666667 0.006666666666666667
0 0.2841666666666667 0.5145 0.006666666666666667 0.006666666666666667
0 0.2808333333333333 0.5228333333333334 0.006666666666666667 0.006666666666666667
0 0.29483333333333334 0.5301666666666667 0.006666666666666667 0.006666666666666667
0 0.2905 0.5328333333333334 0.006666666666666667 0.006666666666666667
0 0.2871666666666667 0.5398333333333334 0.006666666666666667 0.006666666666666667
0 0.2475 0.5588333333333333 0.006666666666666667 0.006666666666666667
0 0.2435 0.5441666666666667 0.006666666666666667 0.006666666666666667
0 0.23783333333333334 0.5458333333333333 0.006666666666666667 0.006666666666666667
0 0.23483333333333334 0.5365 0.006666666666666667 0.006666666666666667
0 0.23116666666666666 0.5475 0.006666666666666667 0.006666666666666667
0 0.22116666666666668 0.5521666666666667 0.006666666666666667 0.006666666666666667
0 0.21883333333333332 0.5568333333333333 0.006666666666666667 0.006666666666666667
0 0.22383333333333333 0.5585 0.006666666666666667 0.006666666666666667
0 0.2305 0.5601666666666667 0.006666666666666667 0.006666666666666667
0 0.23016666666666666 0.5545 0.006666666666666667 0.006666666666666667
0 0.23816666666666667 0.5541666666666667 0.006666666666666667 0.006666666666666667
0 0.23783333333333334 0.5578333333333333 0.006666666666666667 0.006666666666666667
0 0.2385 0.5635 0.006666666666666667 0.006666666666666667
0 0.22683333333333333 0.5701666666666667 0.006666666666666667 0.006666666666666667
0 0.2205 0.5658333333333333 0.006666666666666667 0.006666666666666667
0 0.21783333333333332 0.5758333333333333 0.006666666666666667 0.006666666666666667
0 0.22383333333333333 0.5788333333333333 0.006666666666666667 0.006666666666666667
0 0.22916666666666666 0.5745 0.006666666666666667 0.006666666666666667
0 0.21583333333333332 0.5815 0.006666666666666667 0.006666666666666667
0 0.20916666666666667 0.5838333333333333 0.006666666666666667 0.006666666666666667
0 0.21216666666666667 0.5945 0.006666666666666667 0.006666666666666667
0 0.20683333333333334 0.5948333333333333 0.006666666666666667 0.006666666666666667
0 0.20016666666666666 0.5945 0.006666666666666667 0.006666666666666667
0 0.19683333333333333 0.5881666666666666 0.006666666666666667 0.006666666666666667
0 0.19883333333333333 0.5825 0.006666666666666667 0.006666666666666667
0 0.18016666666666667 0.5858333333333333 0.006666666666666667 0.006666666666666667
0 0.18383333333333332 0.5811666666666667 0.006666666666666667 0.006666666666666667
0 0.17683333333333334 0.5805 0.006666666666666667 0.006666666666666667
0 0.18683333333333332 0.5748333333333333 0.006666666666666667 0.006666666666666667
0 0.1905 0.5681666666666667 0.006666666666666667 0.006666666666666667
0 0.1945 0.5641666666666667 0.006666666666666667 0.006666666666666667
0 0.19683333333333333 0.5598333333333333 0.006666666666666667 0.006666666666666667
0 0.20216666666666666 0.5555 0.006666666666666667 0.006666666666666667
0 0.17783333333333334 0.5711666666666667 0.006666666666666667 0.006666666666666667
0 0.1815 0.5681666666666667 0.006666666666666667 0.006666666666666667
0 0.18983333333333333 0.5615 0.006666666666666667 0.006666666666666667
0 0.18683333333333332 0.5485 0.006666666666666667 0.006666666666666667
0 0.20783333333333334 0.5295 0.006666666666666667 0.006666666666666667
0 0.22716666666666666 0.5261666666666667 0.006666666666666667 0.006666666666666667
0 0.23583333333333334 0.5228333333333334 0.006666666666666667 0.006666666666666667
0 0.24516666666666667 0.5105 0.006666666666666667 0.006666666666666667
0 0.24483333333333332 0.5031666666666667 0.006666666666666667 0.006666666666666667
0 0.2425 0.5211666666666667 0.006666666666666667 0.006666666666666667
0 0.24816666666666667 0.5185 0.006666666666666667 0.006666666666666667
0 0.2628333333333333 0.5255 0.006666666666666667 0.006666666666666667
0 0.2758333333333333 0.5165 0.006666666666666667 0.006666666666666667
0 0.32083333333333336 0.5228333333333334 0.006666666666666667 0.006666666666666667
0 0.2705 0.5171666666666667 0.006666666666666667 0.006666666666666667
0 0.26416666666666666 0.5165 0.006666666666666667 0.006666666666666667
0 0.2575 0.5171666666666667 0.006666666666666667 0.006666666666666667
0 0.26416666666666666 0.5121666666666667 0.006666666666666667 0.006666666666666667
0 0.2695 0.5105 0.006666666666666667 0.006666666666666667
0 0.2758333333333333 0.5108333333333334 0.006666666666666667 0.006666666666666667
0 0.26516666666666666 0.5071666666666667 0.006666666666666667 0.006666666666666667
0 0.25916666666666666 0.49283333333333335 0.006666666666666667 0.006666666666666667
0 0.25683333333333336 0.4851666666666667 0.006666666666666667 0.006666666666666667
0 0.2698333333333333 0.47983333333333333 0.006666666666666667 0.006666666666666667
0 0.2575 0.4771666666666667 0.006666666666666667 0.006666666666666667
0 0.24816666666666667 0.4855 0.006666666666666667 0.006666666666666667
0 0.24416666666666667 0.4915 0.006666666666666667 0.006666666666666667
0 0.23916666666666667 0.49183333333333334 0.006666666666666667 0.006666666666666667
0 0.2345 0.4915 0.006666666666666667 0.006666666666666667
0 0.22683333333333333 0.49083333333333334 0.006666666666666667 0.006666666666666667
0 0.2665 0.4661666666666667 0.006666666666666667 0.006666666666666667
0 0.2705 0.45916666666666667 0.006666666666666667 0.006666666666666667
0 0.2638333333333333 0.4585 0.006666666666666667 0.006666666666666667
0 0.25816666666666666 0.4675 0.006666666666666667 0.006666666666666667
0 0.24583333333333332 0.4728333333333333 0.006666666666666667 0.006666666666666667
0 0.23616666666666666 0.47383333333333333 0.006666666666666667 0.006666666666666667
0 0.25983333333333336 0.44583333333333336 0.006666666666666667 0.006666666666666667
0 0.26716666666666666 0.4435 0.006666666666666667 0.006666666666666667
0 0.2765 0.4508333333333333 0.006666666666666667 0.006666666666666667
0 0.2805 0.44583333333333336 0.006666666666666667 0.006666666666666667
0 0.2861666666666667 0.4435 0.006666666666666667 0.006666666666666667
0 0.2828333333333333 0.43683333333333335 0.006666666666666667 0.006666666666666667
0 0.25983333333333336 0.43616666666666665 0.006666666666666667 0.006666666666666667
0 0.26916666666666667 0.43383333333333335 0.006666666666666667 0.006666666666666667
0 0.2605 0.4305 0.006666666666666667 0.006666666666666667
0 0.25416666666666665 0.43116666666666664 0.006666666666666667 0.006666666666666667
0 0.25016666666666665 0.43283333333333335 0.006666666666666667 0.006666666666666667
0 0.23516666666666666 0.44183333333333336 0.006666666666666667 0.006666666666666667
0 0.2225 0.4261666666666667 0.006666666666666667 0.006666666666666667
0 0.1725 0.49183333333333334 0.006666666666666667 0.006666666666666667
0 0.1715 0.5401666666666667 0.006666666666666667 0.006666666666666667
0 0.17083333333333334 0.5285 0.006666666666666667 0.006666666666666667
0 0.16083333333333333 0.5508333333333333 0.006666666666666667 0.006666666666666667
0 0.1525 0.5485 0.006666666666666667 0.006666666666666667
0 0.14683333333333334 0.5508333333333333 0.006666666666666667 0.006666666666666667
0 0.1445 0.5588333333333333 0.006666666666666667 0.006666666666666667
0 0.12516666666666668 0.6138333333333333 0.006666666666666667 0.006666666666666667
0 0.10083333333333333 0.6295 0.006666666666666667 0.006666666666666667
0 0.0021666666666666666 0.6338333333333334 0.006666666666666667 0.006666666666666667
0 0.0095 0.6245 0.006666666666666667 0.006666666666666667
0 0.012833333333333334 0.5775 0.006666666666666667 0.006666666666666667
0 0.017166666666666667 0.5565 0.006666666666666667 0.006666666666666667
0 0.0325 0.5501666666666667 0.006666666666666667 0.006666666666666667
0 0.08716666666666667 0.5485 0.006666666666666667 0.006666666666666667
0 0.08183333333333333 0.5335 0.006666666666666667 0.006666666666666667
0 0.1255 0.5368333333333334 0.006666666666666667 0.006666666666666667
0 0.1145 0.5231666666666667 0.006666666666666667 0.006666666666666667
0 0.12183333333333334 0.5161666666666667 0.006666666666666667 0.006666666666666667
0 0.11183333333333334 0.5105 0.006666666666666667 0.006666666666666667
0 0.11616666666666667 0.5008333333333334 0.006666666666666667 0.006666666666666667
0 0.12183333333333334 0.4995 0.006666666666666667 0.006666666666666667
0 0.12683333333333333 0.4965 0.006666666666666667 0.006666666666666667
0 0.12116666666666667 0.4871666666666667 0.006666666666666667 0.006666666666666667
0 0.14516666666666667 0.4705 0.006666666666666667 0.006666666666666667
0 0.15183333333333332 0.46316666666666667 0.006666666666666667 0.006666666666666667
0 0.10783333333333334 0.4831666666666667 0.006666666666666667 0.006666666666666667
0 0.08483333333333333 0.5021666666666667 0.006666666666666667 0.006666666666666667
0 0.07816666666666666 0.4875 0.006666666666666667 0.006666666666666667
0 0.06616666666666667 0.5085 0.006666666666666667 0.006666666666666667
0 0.0715 0.5028333333333334 0.006666666666666667 0.006666666666666667
0 0.0705 0.49616666666666664 0.006666666666666667 0.006666666666666667
0 0.06416666666666666 0.4881666666666667 0.006666666666666667 0.006666666666666667
0 0.0585 0.5041666666666667 0.006666666666666667 0.006666666666666667
0 0.05516666666666667 0.4965 0.006666666666666667 0.006666666666666667
0 0.0405 0.5075 0.006666666666666667 0.006666666666666667
0 0.04016666666666667 0.5008333333333334 0.006666666666666667 0.006666666666666667
0 0.04083333333333333 0.49216666666666664 0.006666666666666667 0.006666666666666667
0 0.06416666666666666 0.4781666666666667 0.006666666666666667 0.006666666666666667
0 0.0515 0.4715 0.006666666666666667 0.006666666666666667
0 0.043833333333333335 0.4695 0.006666666666666667 0.006666666666666667
0 0.042833333333333334 0.48383333333333334 0.006666666666666667 0.006666666666666667
0 0.0405 0.4751666666666667 0.006666666666666667 0.006666666666666667
0 0.003833333333333333 0.5141666666666667 0.006666666666666667 0.006666666666666667
0 0.007166666666666667 0.5098333333333334 0.006666666666666667 0.006666666666666667
0 0.021166666666666667 0.49883333333333335 0.006666666666666667 0.006666666666666667
0 0.025166666666666667 0.4718333333333333 0.006666666666666667 0.006666666666666667
0 0.013833333333333333 0.4515 0.006666666666666667 0.006666666666666667
0 0.14416666666666667 0.45716666666666667 0.006666666666666667 0.006666666666666667
0 0.14683333333333334 0.44716666666666666 0.006666666666666667 0.006666666666666667
0 0.15183333333333332 0.44416666666666665 0.006666666666666667 0.006666666666666667
0 0.1555 0.44016666666666665 0.006666666666666667 0.006666666666666667
0 0.16116666666666668 0.4305 0.006666666666666667 0.006666666666666667
0 0.1645 0.42483333333333334 0.006666666666666667 0.006666666666666667
0 0.16816666666666666 0.4201666666666667 0.006666666666666667 0.006666666666666667
0 0.17416666666666666 0.41383333333333333 0.006666666666666667 0.006666666666666667
0 0.19783333333333333 0.3968333333333333 0.006666666666666667 0.006666666666666667
0 0.20116666666666666 0.3935 0.006666666666666667 0.006666666666666667
0 0.20683333333333334 0.3775 0.006666666666666667 0.006666666666666667
0 0.25283333333333335 0.4125 0.006666666666666667 0.006666666666666667
0 0.24816666666666667 0.4161666666666667 0.006666666666666667 0.006666666666666667
0 0.2435 0.4171666666666667 0.006666666666666667 0.006666666666666667
0 0.42383333333333334 0.4145 0.006666666666666667 0.006666666666666667
0 0.43116666666666664 0.4088333333333333 0.006666666666666667 0.006666666666666667
0 0.4295 0.3958333333333333 0.006666666666666667 0.006666666666666667
0 0.4205 0.4021666666666667 0.006666666666666667 0.006666666666666667
0 0.4111666666666667 0.4115 0.006666666666666667 0.006666666666666667
0 0.4021666666666667 0.4145 0.006666666666666667 0.006666666666666667
0 0.4045 0.4055 0.006666666666666667 0.006666666666666667
0 0.4071666666666667 0.39816666666666667 0.006666666666666667 0.006666666666666667
0 0.4005 0.3898333333333333 0.006666666666666667 0.006666666666666667
0 0.4095 0.3765 0.006666666666666667 0.006666666666666667
0 0.4035 0.37416666666666665 0.006666666666666667 0.006666666666666667
0 0.4015 0.38016666666666665 0.006666666666666667 0.006666666666666667
0 0.4015 0.3611666666666667 0.006666666666666667 0.006666666666666667
0 0.4091666666666667 0.3388333333333333 0.006666666666666667 0.006666666666666667
0 0.4181666666666667 0.33516666666666667 0.006666666666666667 0.006666666666666667
0 0.4115 0.3295 0.006666666666666667 0.006666666666666667
0 0.4015 0.3365 0.006666666666666667 0.006666666666666667
0 0.3888333333333333 0.3368333333333333 0.006666666666666667 0.006666666666666667
0 0.3878333333333333 0.3491666666666667 0.006666666666666667 0.006666666666666667
0 0.4671666666666667 0.3565 0.006666666666666667 0.006666666666666667
0 0.48283333333333334 0.3455 0.006666666666666667 0.006666666666666667
0 0.44816666666666666 0.33416666666666667 0.006666666666666667 0.006666666666666667
0 0.45016666666666666 0.32016666666666665 0.006666666666666667 0.006666666666666667
0 0.45516666666666666 0.31716666666666665 0.006666666666666667 0.006666666666666667
0 0.5161666666666667 0.3441666666666667 0.006666666666666667 0.006666666666666667
0 0.3318333333333333 0.41883333333333334 0.006666666666666667 0.006666666666666667
0 0.3255 0.4155 0.006666666666666667 0.006666666666666667
0 0.32116666666666666 0.4161666666666667 0.006666666666666667 0.006666666666666667
0 0.3165 0.41683333333333333 0.006666666666666667 0.006666666666666667
0 0.31116666666666665 0.4211666666666667 0.006666666666666667 0.006666666666666667
0 0.3055 0.4211666666666667 0.006666666666666667 0.006666666666666667
0 0.29883333333333334 0.42683333333333334 0.006666666666666667 0.006666666666666667
0 0.2951666666666667 0.4245 0.006666666666666667 0.006666666666666667
0 0.2955 0.4091666666666667 0.006666666666666667 0.006666666666666667
0 0.2941666666666667 0.4155 0.006666666666666667 0.006666666666666667
0 0.2861666666666667 0.4225 0.006666666666666667 0.006666666666666667
0 0.2815 0.4285 0.006666666666666667 0.006666666666666667
0 0.2785 0.4235 0.006666666666666667 0.006666666666666667
0 0.27316666666666667 0.42916666666666664 0.006666666666666667 0.006666666666666667
0 0.20683333333333334 0.5228333333333334 0.006666666666666667 0.006666666666666667
0 0.19683333333333333 0.5218333333333334 0.006666666666666667 0.006666666666666667
0 0.3431666666666667 0.3998333333333333 0.006666666666666667 0.006666666666666667
0 0.3375 0.3925 0.006666666666666667 0.006666666666666667
0 0.3431666666666667 0.39216666666666666 0.006666666666666667 0.006666666666666667
0 0.3491666666666667 0.3835 0.006666666666666667 0.006666666666666667
0 0.3298333333333333 0.3878333333333333 0.006666666666666667 0.006666666666666667
0 0.32416666666666666 0.38383333333333336 0.006666666666666667 0.006666666666666667
0 0.3185 0.3868333333333333 0.006666666666666667 0.006666666666666667
0 0.32016666666666665 0.3938333333333333 0.006666666666666667 0.006666666666666667
0 0.3268333333333333 0.3938333333333333 0.006666666666666667 0.006666666666666667
0 0.3235 0.39916666666666667 0.006666666666666667 0.006666666666666667
0 0.33016666666666666 0.4035 0.006666666666666667 0.006666666666666667
0 0.3375 0.4035 0.006666666666666667 0.006666666666666667
0 0.36916666666666664 0.4121666666666667 0.006666666666666667 0.006666666666666667
0 0.3535 0.4211666666666667 0.006666666666666667 0.006666666666666667
0 0.37083333333333335 0.4028333333333333 0.006666666666666667 0.006666666666666667
0 0.37316666666666665 0.3978333333333333 0.006666666666666667 0.006666666666666667
0 0.3675 0.3925 0.006666666666666667 0.006666666666666667
0 0.38383333333333336 0.3855 0.006666666666666667 0.006666666666666667
0 0.3825 0.37816666666666665 0.006666666666666667 0.006666666666666667
0 0.36983333333333335 0.38216666666666665 0.006666666666666667 0.006666666666666667
0 0.3655 0.37883333333333336 0.006666666666666667 0.006666666666666667
0 0.37416666666666665 0.37483333333333335 0.006666666666666667 0.006666666666666667
0 0.36883333333333335 0.37016666666666664 0.006666666666666667 0.006666666666666667
0 0.38316666666666666 0.3645 0.006666666666666667 0.006666666666666667
0 0.43483333333333335 0.35983333333333334 0.006666666666666667 0.006666666666666667
0 0.3938333333333333 0.31283333333333335 0.006666666666666667 0.006666666666666667
0 0.3725 0.3065 0.006666666666666667 0.006666666666666667
0 0.3465 0.3388333333333333 0.006666666666666667 0.006666666666666667
0 0.33416666666666667 0.3468333333333333 0.006666666666666667 0.006666666666666667
0 0.3065 0.3621666666666667 0.006666666666666667 0.006666666666666667
0 0.33216666666666667 0.37316666666666665 0.006666666666666667 0.006666666666666667
0 0.3375 0.3645 0.006666666666666667 0.006666666666666667
0 0.2855 0.3715 0.006666666666666667 0.006666666666666667
0 0.2785 0.37216666666666665 0.006666666666666667 0.006666666666666667
0 0.2648333333333333 0.3491666666666667 0.006666666666666667 0.006666666666666667
0 0.32216666666666666 0.30383333333333334 0.006666666666666667 0.006666666666666667
0 0.2285 0.3898333333333333 0.006666666666666667 0.006666666666666667
0 0.10183333333333333 0.46316666666666667 0.006666666666666667 0.006666666666666667
0 0.09383333333333334 0.4638333333333333 0.006666666666666667 0.006666666666666667
0 0.0875 0.4625 0.006666666666666667 0.006666666666666667
0 0.08416666666666667 0.4558333333333333 0.006666666666666667 0.006666666666666667
0 0.08083333333333333 0.44383333333333336 0.006666666666666667 0.006666666666666667
0 0.07283333333333333 0.44083333333333335 0.006666666666666667 0.006666666666666667
0 0.0875 0.45016666666666666 0.006666666666666667 0.006666666666666667
0 0.09883333333333333 0.45716666666666667 0.006666666666666667 0.006666666666666667
0 0.10383333333333333 0.45816666666666667 0.006666666666666667 0.006666666666666667
0 0.10783333333333334 0.46316666666666667 0.006666666666666667 0.006666666666666667
0 0.1145 0.4648333333333333 0.006666666666666667 0.006666666666666667
0 0.11883333333333333 0.4598333333333333 0.006666666666666667 0.006666666666666667
0 0.11216666666666666 0.45816666666666667 0.006666666666666667 0.006666666666666667
0 0.1185 0.4558333333333333 0.006666666666666667 0.006666666666666667
0 0.12216666666666667 0.45416666666666666 0.006666666666666667 0.006666666666666667
0 0.12783333333333333 0.4525 0.006666666666666667 0.006666666666666667
0 0.1375 0.44816666666666666 0.006666666666666667 0.006666666666666667
0 0.1365 0.4405 0.006666666666666667 0.006666666666666667
0 0.13116666666666665 0.44283333333333336 0.006666666666666667 0.006666666666666667
0 0.12616666666666668 0.44683333333333336 0.006666666666666667 0.006666666666666667
0 0.1185 0.44916666666666666 0.006666666666666667 0.006666666666666667
0 0.11383333333333333 0.4435 0.006666666666666667 0.006666666666666667
0 0.1105 0.44583333333333336 0.006666666666666667 0.006666666666666667
0 0.10416666666666667 0.4485 0.006666666666666667 0.006666666666666667
0 0.09883333333333333 0.44183333333333336 0.006666666666666667 0.006666666666666667
0 0.09283333333333334 0.43783333333333335 0.006666666666666667 0.006666666666666667
0 0.0815 0.4385 0.006666666666666667 0.006666666666666667
0 0.0875 0.4435 0.006666666666666667 0.006666666666666667
0 0.0785 0.42716666666666664 0.006666666666666667 0.006666666666666667
0 0.08516666666666667 0.42483333333333334 0.006666666666666667 0.006666666666666667
0 0.07416666666666667 0.42183333333333334 0.006666666666666667 0.006666666666666667
0 0.0815 0.4205 0.006666666666666667 0.006666666666666667
0 0.08883333333333333 0.4171666666666667 0.006666666666666667 0.006666666666666667
0 0.08616666666666667 0.4155 0.006666666666666667 0.006666666666666667
0 0.09083333333333334 0.4105 0.006666666666666667 0.006666666666666667
0 0.0955 0.4055 0.006666666666666667 0.006666666666666667
0 0.10316666666666667 0.4035 0.006666666666666667 0.006666666666666667
0 0.10116666666666667 0.4015 0.006666666666666667 0.006666666666666667
0 0.10883333333333334 0.4005 0.006666666666666667 0.006666666666666667
0 0.1045 0.39816666666666667 0.006666666666666667 0.006666666666666667
0 0.10983333333333334 0.3965 0.006666666666666667 0.006666666666666667
0 0.09816666666666667 0.42483333333333334 0.006666666666666667 0.006666666666666667
0 0.10716666666666666 0.42283333333333334 0.006666666666666667 0.006666666666666667
0 0.10983333333333334 0.41583333333333333 0.006666666666666667 0.006666666666666667
0 0.11383333333333333 0.4088333333333333 0.006666666666666667 0.006666666666666667
0 0.1175 0.4048333333333333 0.006666666666666667 0.006666666666666667
0 0.12283333333333334 0.4091666666666667 0.006666666666666667 0.006666666666666667
0 0.1195 0.4135 0.006666666666666667 0.006666666666666667
0 0.1165 0.4195 0.006666666666666667 0.006666666666666667
0 0.11516666666666667 0.4251666666666667 0.006666666666666667 0.006666666666666667
0 0.1195 0.4261666666666667 0.006666666666666667 0.006666666666666667
0 0.1245 0.42816666666666664 0.006666666666666667 0.006666666666666667
0 0.12883333333333333 0.43616666666666665 0.006666666666666667 0.006666666666666667
0 0.12083333333333333 0.4405 0.006666666666666667 0.006666666666666667
0 0.1045 0.43816666666666665 0.006666666666666667 0.006666666666666667
0 0.1045 0.43016666666666664 0.006666666666666667 0.006666666666666667
0 0.13516666666666666 0.4181666666666667 0.006666666666666667 0.006666666666666667
0 0.13083333333333333 0.4081666666666667 0.006666666666666667 0.006666666666666667
0 0.1285 0.4038333333333333 0.006666666666666667 0.006666666666666667
0 0.13616666666666666 0.4005 0.006666666666666667 0.006666666666666667
0 0.13216666666666665 0.3988333333333333 0.006666666666666667 0.006666666666666667
0 0.13616666666666666 0.3945 0.006666666666666667 0.006666666666666667
0 0.1485 0.4115 0.006666666666666667 0.006666666666666667
0 0.14883333333333335 0.4181666666666667 0.006666666666666667 0.006666666666666667
0 0.15416666666666667 0.4035 0.006666666666666667 0.006666666666666667
0 0.1585 0.41283333333333333 0.006666666666666667 0.006666666666666667
0 0.1635 0.4105 0.006666666666666667 0.006666666666666667
0 0.1655 0.4035 0.006666666666666667 0.006666666666666667
0 0.16983333333333334 0.4028333333333333 0.006666666666666667 0.006666666666666667
0 0.1745 0.4025 0.006666666666666667 0.006666666666666667
0 0.1805 0.39716666666666667 0.006666666666666667 0.006666666666666667
0 0.1745 0.3978333333333333 0.006666666666666667 0.006666666666666667
0 0.1825 0.3905 0.006666666666666667 0.006666666666666667
0 0.1905 0.3888333333333333 0.006666666666666667 0.006666666666666667
0 0.1725 0.38816666666666666 0.006666666666666667 0.006666666666666667
0 0.16683333333333333 0.3938333333333333 0.006666666666666667 0.006666666666666667
0 0.16783333333333333 0.3765 0.006666666666666667 0.006666666666666667
0 0.1735 0.37483333333333335 0.006666666666666667 0.006666666666666667
0 0.18683333333333332 0.3591666666666667 0.006666666666666667 0.006666666666666667
0 0.1835 0.36783333333333335 0.006666666666666667 0.006666666666666667
0 0.17483333333333334 0.3665 0.006666666666666667 0.006666666666666667
0 0.20283333333333334 0.3545 0.006666666666666667 0.006666666666666667
0 0.15916666666666668 0.34983333333333333 0.006666666666666667 0.006666666666666667
0 0.1555 0.35183333333333333 0.006666666666666667 0.006666666666666667
0 0.15116666666666667 0.3585 0.006666666666666667 0.006666666666666667
0 0.16116666666666668 0.3345 0.006666666666666667 0.006666666666666667
0 0.15683333333333332 0.3395 0.006666666666666667 0.006666666666666667
0 0.15183333333333332 0.3408333333333333 0.006666666666666667 0.006666666666666667
0 0.15183333333333332 0.3288333333333333 0.006666666666666667 0.006666666666666667
0 0.15783333333333333 0.3245 0.006666666666666667 0.006666666666666667
0 0.16883333333333334 0.3145 0.006666666666666667 0.006666666666666667
0 0.1935 0.6591666666666667 0.006666666666666667 0.006666666666666667
0 0.014833333333333334 0.44383333333333336 0.006666666666666667 0.006666666666666667
0 0.0195 0.43583333333333335 0.006666666666666667 0.006666666666666667
0 0.0225 0.4285 0.006666666666666667 0.006666666666666667
0 0.028166666666666666 0.41583333333333333 0.006666666666666667 0.006666666666666667
0 0.034833333333333334 0.4111666666666667 0.006666666666666667 0.006666666666666667
0 0.0235 0.4055 0.006666666666666667 0.006666666666666667
0 0.017833333333333333 0.4121666666666667 0.006666666666666667 0.006666666666666667
0 0.018166666666666668 0.41683333333333333 0.006666666666666667 0.006666666666666667
0 0.003833333333333333 0.41383333333333333 0.006666666666666667 0.006666666666666667
0 0.0115 0.4101666666666667 0.006666666666666667 0.006666666666666667
0 0.0145 0.39716666666666667 0.006666666666666667 0.006666666666666667
0 0.0205 0.3958333333333333 0.006666666666666667 0.006666666666666667
0 0.015833333333333335 0.3845 0.006666666666666667 0.006666666666666667
0 0.023833333333333335 0.3755 0.006666666666666667 0.006666666666666667
0 0.017833333333333333 0.3655 0.006666666666666667 0.006666666666666667
0 0.0305 0.35883333333333334 0.006666666666666667 0.006666666666666667
0 0.024833333333333332 0.36583333333333334 0.006666666666666667 0.006666666666666667
0 0.07316666666666667 0.38016666666666665 0.006666666666666667 0.006666666666666667
0 0.08383333333333333 0.3935 0.006666666666666667 0.006666666666666667
0 0.0855 0.39816666666666667 0.006666666666666667 0.006666666666666667
0 0.08883333333333333 0.4028333333333333 0.006666666666666667 0.006666666666666667
0 0.08516666666666667 0.4078333333333333 0.006666666666666667 0.006666666666666667
0 0.08083333333333333 0.4105 0.006666666666666667 0.006666666666666667
0 0.08216666666666667 0.4025 0.006666666666666667 0.006666666666666667
0 0.07616666666666666 0.4121666666666667 0.006666666666666667 0.006666666666666667
0 0.06983333333333333 0.41483333333333333 0.006666666666666667 0.006666666666666667
0 0.060833333333333336 0.41783333333333333 0.006666666666666667 0.006666666666666667
0 0.06283333333333334 0.4105 0.006666666666666667 0.006666666666666667
0 0.0665 0.4055 0.006666666666666667 0.006666666666666667
0 0.06183333333333333 0.4061666666666667 0.006666666666666667 0.006666666666666667
0 0.06583333333333333 0.39816666666666667 0.006666666666666667 0.006666666666666667
0 0.06816666666666667 0.3948333333333333 0.006666666666666667 0.006666666666666667
0 0.04816666666666667 0.38216666666666665 0.006666666666666667 0.006666666666666667
0 0.0535 0.37216666666666665 0.006666666666666667 0.006666666666666667
0 0.057166666666666664 0.3665 0.006666666666666667 0.006666666666666667
0 0.06483333333333334 0.36083333333333334 0.006666666666666667 0.006666666666666667
0 0.07083333333333333 0.3535 0.006666666666666667 0.006666666666666667
0 0.08316666666666667 0.3478333333333333 0.006666666666666667 0.006666666666666667
0 0.09816666666666667 0.3535 0.006666666666666667 0.006666666666666667
0 0.1005 0.3625 0.006666666666666667 0.006666666666666667
0 0.10316666666666667 0.36916666666666664 0.006666666666666667 0.006666666666666667
0 0.10083333333333333 0.3765 0.006666666666666667 0.006666666666666667
0 0.0975 0.38216666666666665 0.006666666666666667 0.006666666666666667
0 0.10516666666666667 0.3898333333333333 0.006666666666666667 0.006666666666666667
0 0.11083333333333334 0.3858333333333333 0.006666666666666667 0.006666666666666667
0 0.11616666666666667 0.3825 0.006666666666666667 0.006666666666666667
0 0.1185 0.37916666666666665 0.006666666666666667 0.006666666666666667
0 0.12416666666666666 0.3765 0.006666666666666667 0.006666666666666667
0 0.1165 0.37083333333333335 0.006666666666666667 0.006666666666666667
0 0.1235 0.3635 0.006666666666666667 0.006666666666666667
0 0.11283333333333333 0.3615 0.006666666666666667 0.006666666666666667
0 0.12183333333333334 0.3455 0.006666666666666667 0.006666666666666667
0 0.2015 0.3445 0.006666666666666667 0.006666666666666667
0 0.08316666666666667 0.3378333333333333 0.006666666666666667 0.006666666666666667
0 0.05683333333333333 0.3451666666666667 0.006666666666666667 0.006666666666666667
0 0.05483333333333333 0.3458333333333333 0.006666666666666667 0.006666666666666667
0 0.03816666666666667 0.3625 0.006666666666666667 0.006666666666666667
0 0.04716666666666667 0.3565 0.006666666666666667 0.006666666666666667
0 0.0415 0.3551666666666667 0.006666666666666667 0.006666666666666667
0 0.04416666666666667 0.3525 0.006666666666666667 0.006666666666666667
0 0.036833333333333336 0.3541666666666667 0.006666666666666667 0.006666666666666667
0 0.030166666666666668 0.3485 0.006666666666666667 0.006666666666666667
0 0.025166666666666667 0.3398333333333333 0.006666666666666667 0.006666666666666667
0 0.03283333333333333 0.3385 0.006666666666666667 0.006666666666666667
0 0.03716666666666667 0.33616666666666667 0.006666666666666667 0.006666666666666667
0 0.04816666666666667 0.3345 0.006666666666666667 0.006666666666666667
0 0.08983333333333333 0.32083333333333336 0.006666666666666667 0.006666666666666667
0 0.08416666666666667 0.31283333333333335 0.006666666666666667 0.006666666666666667
0 0.0895 0.3065 0.006666666666666667 0.006666666666666667
0 0.12216666666666667 0.2605 0.006666666666666667 0.006666666666666667
0 0.12416666666666666 0.2535 0.006666666666666667 0.006666666666666667
0 0.1195 0.24383333333333335 0.006666666666666667 0.006666666666666667
0 0.11216666666666666 0.23916666666666667 0.006666666666666667 0.006666666666666667
0 0.1005 0.2648333333333333 0.006666666666666667 0.006666666666666667
0 0.09483333333333334 0.25583333333333336 0.006666666666666667 0.006666666666666667
0 0.08383333333333333 0.2608333333333333 0.006666666666666667 0.006666666666666667
0 0.07183333333333333 0.2535 0.006666666666666667 0.006666666666666667
0 0.0695 0.2595 0.006666666666666667 0.006666666666666667
0 0.06383333333333334 0.25083333333333335 0.006666666666666667 0.006666666666666667
0 0.05516666666666667 0.25016666666666665 0.006666666666666667 0.006666666666666667
0 0.060833333333333336 0.25916666666666666 0.006666666666666667 0.006666666666666667
0 0.06183333333333333 0.26416666666666666 0.006666666666666667 0.006666666666666667
0 0.060833333333333336 0.2718333333333333 0.006666666666666667 0.006666666666666667
0 0.0605 0.2775 0.006666666666666667 0.006666666666666667
0 0.0475 0.2808333333333333 0.006666666666666667 0.006666666666666667
0 0.0475 0.2728333333333333 0.006666666666666667 0.006666666666666667
0 0.0515 0.26816666666666666 0.006666666666666667 0.006666666666666667
0 0.0385 0.2765 0.006666666666666667 0.006666666666666667
0 0.035833333333333335 0.26716666666666666 0.006666666666666667 0.006666666666666667
0 0.0325 0.2715 0.006666666666666667 0.006666666666666667
0 0.0325 0.2775 0.006666666666666667 0.006666666666666667
0 0.0155 0.30083333333333334 0.006666666666666667 0.006666666666666667
0 0.009166666666666667 0.31116666666666665 0.006666666666666667 0.006666666666666667
0 0.0125 0.33216666666666667 0.006666666666666667 0.006666666666666667
0 0.20616666666666666 0.19583333333333333 0.006666666666666667 0.006666666666666667
0 0.16883333333333334 0.20116666666666666 0.006666666666666667 0.006666666666666667
0 0.1855 0.22783333333333333 0.006666666666666667 0.006666666666666667
0 0.1565 0.1945 0.006666666666666667 0.006666666666666667
0 0.15016666666666667 0.2015 0.006666666666666667 0.006666666666666667
0 0.1425 0.20616666666666666 0.006666666666666667 0.006666666666666667
0 0.1375 0.22016666666666668 0.006666666666666667 0.006666666666666667
0 0.13416666666666666 0.22483333333333333 0.006666666666666667 0.006666666666666667
0 0.1295 0.2295 0.006666666666666667 0.006666666666666667
0 0.025166666666666667 0.22816666666666666 0.006666666666666667 0.006666666666666667
0 0.0205 0.1925 0.006666666666666667 0.006666666666666667
0 0.005833333333333334 0.19016666666666668 0.006666666666666667 0.006666666666666667
0 0.018166666666666668 0.1645 0.006666666666666667 0.006666666666666667
0 0.03716666666666667 0.1665 0.006666666666666667 0.006666666666666667
0 0.050166666666666665 0.16116666666666668 0.006666666666666667 0.006666666666666667
0 0.06483333333333334 0.15183333333333332 0.006666666666666667 0.006666666666666667
0 0.19116666666666668 0.2921666666666667 0.006666666666666667 0.006666666666666667
0 0.17683333333333334 0.30883333333333335 0.006666666666666667 0.006666666666666667
0 0.1435 0.24916666666666668 0.006666666666666667 0.006666666666666667
0 0.1755 0.18783333333333332 0.006666666666666667 0.006666666666666667
0 0.16316666666666665 0.17483333333333334 0.006666666666666667 0.006666666666666667
0 0.1815 0.16083333333333333 0.006666666666666667 0.006666666666666667
0 0.1525 0.15883333333333333 0.006666666666666667 0.006666666666666667
0 0.1485 0.16583333333333333 0.006666666666666667 0.006666666666666667
0 0.14316666666666666 0.17483333333333334 0.006666666666666667 0.006666666666666667
0 0.4605 0.30383333333333334 0.006666666666666667 0.006666666666666667
0 0.47383333333333333 0.3225 0.006666666666666667 0.006666666666666667
0 0.4741666666666667 0.30583333333333335 0.006666666666666667 0.006666666666666667
0 0.48083333333333333 0.3025 0.006666666666666667 0.006666666666666667
0 0.4705 0.2971666666666667 0.006666666666666667 0.006666666666666667
0 0.4558333333333333 0.29783333333333334 0.006666666666666667 0.006666666666666667
0 0.45216666666666666 0.2975 0.006666666666666667 0.006666666666666667
0 0.43816666666666665 0.2901666666666667 0.006666666666666667 0.006666666666666667
0 0.42483333333333334 0.30283333333333334 0.006666666666666667 0.006666666666666667
0 0.43383333333333335 0.3105 0.006666666666666667 0.006666666666666667
0 0.4295 0.3275 0.006666666666666667 0.006666666666666667
0 0.4135 0.29783333333333334 0.006666666666666667 0.006666666666666667
0 0.43783333333333335 0.27616666666666667 0.006666666666666667 0.006666666666666667
0 0.4285 0.2755 0.006666666666666667 0.006666666666666667
0 0.43583333333333335 0.2718333333333333 0.006666666666666667 0.006666666666666667
0 0.44116666666666665 0.27116666666666667 0.006666666666666667 0.006666666666666667
0 0.43916666666666665 0.2608333333333333 0.006666666666666667 0.006666666666666667
0 0.43383333333333335 0.2678333333333333 0.006666666666666667 0.006666666666666667
0 0.4275 0.2655 0.006666666666666667 0.006666666666666667
0 0.4518333333333333 0.27616666666666667 0.006666666666666667 0.006666666666666667
0 0.4568333333333333 0.2768333333333333 0.006666666666666667 0.006666666666666667
0 0.4558333333333333 0.2495 0.006666666666666667 0.006666666666666667
0 0.5321666666666667 0.3458333333333333 0.006666666666666667 0.006666666666666667
0 0.5508333333333333 0.3655 0.006666666666666667 0.006666666666666667
0 0.5668333333333333 0.3551666666666667 0.006666666666666667 0.006666666666666667
0 0.5575 0.27416666666666667 0.006666666666666667 0.006666666666666667
0 0.5535 0.2815 0.006666666666666667 0.006666666666666667
0 0.5401666666666667 0.2838333333333333 0.006666666666666667 0.006666666666666667
0 0.5248333333333334 0.2658333333333333 0.006666666666666667 0.006666666666666667
0 0.5025 0.2708333333333333 0.006666666666666667 0.006666666666666667
0 0.5025 0.2648333333333333 0.006666666666666667 0.006666666666666667
0 0.4925 0.2628333333333333 0.006666666666666667 0.006666666666666667
0 0.47883333333333333 0.2618333333333333 0.006666666666666667 0.006666666666666667
0 0.4568333333333333 0.2821666666666667 0.006666666666666667 0.006666666666666667
0 0.38183333333333336 0.22716666666666666 0.006666666666666667 0.006666666666666667
0 0.42716666666666664 0.25083333333333335 0.006666666666666667 0.006666666666666667
0 0.43183333333333335 0.24616666666666667 0.006666666666666667 0.006666666666666667
0 0.4385 0.2445 0.006666666666666667 0.006666666666666667
0 0.4405 0.23483333333333334 0.006666666666666667 0.006666666666666667
0 0.44716666666666666 0.23183333333333334 0.006666666666666667 0.006666666666666667
0 0.4325 0.23683333333333334 0.006666666666666667 0.006666666666666667
0 0.4205 0.25183333333333335 0.006666666666666667 0.006666666666666667
0 0.4215 0.24683333333333332 0.006666666666666667 0.006666666666666667
0 0.4205 0.24083333333333334 0.006666666666666667 0.006666666666666667
0 0.4155 0.24383333333333335 0.006666666666666667 0.006666666666666667
0 0.4095 0.24916666666666668 0.006666666666666667 0.006666666666666667
0 0.4121666666666667 0.25516666666666665 0.006666666666666667 0.006666666666666667
0 0.4101666666666667 0.2415 0.006666666666666667 0.006666666666666667
0 0.4025 0.2425 0.006666666666666667 0.006666666666666667
0 0.4058333333333333 0.25816666666666666 0.006666666666666667 0.006666666666666667
0 0.4005 0.22816666666666666 0.006666666666666667 0.006666666666666667
0 0.3958333333333333 0.23283333333333334 0.006666666666666667 0.006666666666666667
0 0.3745 0.19883333333333333 0.006666666666666667 0.006666666666666667
0 0.6308333333333334 0.3705 0.006666666666666667 0.006666666666666667
0 0.6581666666666667 0.2881666666666667 0.006666666666666667 0.006666666666666667
0 0.3415 0.2771666666666667 0.006666666666666667 0.006666666666666667
0 0.5091666666666667 0.2245 0.006666666666666667 0.006666666666666667
0 0.5091666666666667 0.19916666666666666 0.006666666666666667 0.006666666666666667
0 0.5205 0.19016666666666668 0.006666666666666667 0.006666666666666667
0 0.4835 0.18183333333333335 0.006666666666666667 0.006666666666666667
0 0.41583333333333333 0.1915 0.006666666666666667 0.006666666666666667
0 0.4068333333333333 0.1675 0.006666666666666667 0.006666666666666667
0 0.4085 0.13616666666666666 0.006666666666666667 0.006666666666666667
0 0.4275 0.1285 0.006666666666666667 0.006666666666666667
0 0.43783333333333335 0.1235 0.006666666666666667 0.006666666666666667
0 0.4528333333333333 0.12083333333333333 0.006666666666666667 0.006666666666666667
0 0.35583333333333333 0.1235 0.006666666666666667 0.006666666666666667
0 0.3591666666666667 0.1805 0.006666666666666667 0.006666666666666667
0 0.37283333333333335 0.1785 0.006666666666666667 0.006666666666666667
0 0.6035 0.2715 0.006666666666666667 0.006666666666666667
0 0.5968333333333333 0.2728333333333333 0.006666666666666667 0.006666666666666667
0 0.2608333333333333 0.1805 0.006666666666666667 0.006666666666666667
0 0.3958333333333333 0.11916666666666667 0.006666666666666667 0.006666666666666667
0 0.5705 0.1105 0.006666666666666667 0.006666666666666667
0 0.3468333333333333 0.31216666666666665 0.006666666666666667 0.006666666666666667
0 0.0275 0.2125 0.006666666666666667 0.006666666666666667
0 0.021166666666666667 0.2145 0.006666666666666667 0.006666666666666667
0 0.026166666666666668 0.11816666666666667 0.006666666666666667 0.006666666666666667
0 0.03716666666666667 0.1125 0.006666666666666667 0.006666666666666667
0 0.03216666666666667 0.10516666666666667 0.006666666666666667 0.006666666666666667
0 0.013833333333333333 0.09583333333333334 0.006666666666666667 0.006666666666666667
0 0.019166666666666665 0.09183333333333334 0.006666666666666667 0.006666666666666667
0 0.027166666666666665 0.0835 0.006666666666666667 0.006666666666666667
0 0.021166666666666667 0.08616666666666667 0.006666666666666667 0.006666666666666667
0 0.0225 0.07883333333333334 0.006666666666666667 0.006666666666666667
0 0.012833333333333334 0.0875 0.006666666666666667 0.006666666666666667
0 0.028166666666666666 0.0545 0.006666666666666667 0.006666666666666667
0 0.0255 0.06416666666666666 0.006666666666666667 0.006666666666666667
0 0.0605 0.057833333333333334 0.006666666666666667 0.006666666666666667
0 0.0685 0.05516666666666667 0.006666666666666667 0.006666666666666667
0 0.07216666666666667 0.05383333333333333 0.006666666666666667 0.006666666666666667
0 0.08183333333333333 0.0485 0.006666666666666667 0.006666666666666667
0 0.07816666666666666 0.05516666666666667 0.006666666666666667 0.006666666666666667
0 0.07483333333333334 0.03183333333333333 0.006666666666666667 0.006666666666666667
0 0.0855 0.0295 0.006666666666666667 0.006666666666666667
0 0.09116666666666666 0.027166666666666665 0.006666666666666667 0.006666666666666667
0 0.09116666666666666 0.018833333333333334 0.006666666666666667 0.006666666666666667
0 0.0845 0.009166666666666667 0.006666666666666667 0.006666666666666667
0 0.0755 0.010166666666666666 0.006666666666666667 0.006666666666666667
0 0.0585 0.016166666666666666 0.006666666666666667 0.006666666666666667
0 0.0475 0.0255 0.006666666666666667 0.006666666666666667
0 0.0415 0.036833333333333336 0.006666666666666667 0.006666666666666667
0 0.041833333333333333 0.0028333333333333335 0.006666666666666667 0.006666666666666667
0 0.1235 0.016166666666666666 0.006666666666666667 0.006666666666666667
0 0.11683333333333333 0.015833333333333335 0.006666666666666667 0.006666666666666667
0 0.1095 0.025166666666666667 0.006666666666666667 0.006666666666666667
0 0.1035 0.028166666666666666 0.006666666666666667 0.006666666666666667
0 0.08516666666666667 0.042833333333333334 0.006666666666666667 0.006666666666666667
0 0.09616666666666666 0.0415 0.006666666666666667 0.006666666666666667
0 0.1215 0.0025 0.006666666666666667 0.006666666666666667
0 0.0935 0.12683333333333333 0.006666666666666667 0.006666666666666667
0 0.10516666666666667 0.11216666666666666 0.006666666666666667 0.006666666666666667
0 0.09516666666666666 0.11716666666666667 0.006666666666666667 0.006666666666666667
0 0.0895 0.11783333333333333 0.006666666666666667 0.006666666666666667
0 0.1385 0.1085 0.006666666666666667 0.006666666666666667
0 0.1895 0.1015 0.006666666666666667 0.006666666666666667
0 0.19716666666666666 0.14283333333333334 0.006666666666666667 0.006666666666666667
0 0.14583333333333334 0.0935 0.006666666666666667 0.006666666666666667
0 0.13383333333333333 0.09416666666666666 0.006666666666666667 0.006666666666666667
0 0.12816666666666668 0.09483333333333334 0.006666666666666667 0.006666666666666667
0 0.10416666666666667 0.06216666666666667 0.006666666666666667 0.006666666666666667
0 0.1115 0.04416666666666667 0.006666666666666667 0.006666666666666667
0 0.2425 0.0375 0.006666666666666667 0.006666666666666667
0 0.24683333333333332 0.028166666666666666 0.006666666666666667 0.006666666666666667
0 0.24116666666666667 0.009166666666666667 0.006666666666666667 0.006666666666666667
0 0.2375 0.0105 0.006666666666666667 0.006666666666666667
0 0.19416666666666665 0.019166666666666665 0.006666666666666667 0.006666666666666667
0 0.16383333333333333 0.015833333333333335 0.006666666666666667 0.006666666666666667
0 0.14216666666666666 0.001 0.006666666666666667 0.006666666666666667
0 0.5045 0.05583333333333333 0.006666666666666667 0.006666666666666667
0 0.5455 0.0495 0.006666666666666667 0.006666666666666667
0 0.5361666666666667 0.021833333333333333 0.006666666666666667 0.006666666666666667
0 0.4668333333333333 0.07616666666666666 0.006666666666666667 0.006666666666666667
0 0.45216666666666666 0.07883333333333334 0.006666666666666667 0.006666666666666667
0 0.44916666666666666 0.08416666666666667 0.006666666666666667 0.006666666666666667
0 0.42683333333333334 0.08283333333333333 0.006666666666666667 0.006666666666666667
0 0.42683333333333334 0.04783333333333333 0.006666666666666667 0.006666666666666667
0 0.41383333333333333 0.0515 0.006666666666666667 0.006666666666666667
0 0.5275 0.024833333333333332 0.006666666666666667 0.006666666666666667
0 0.47683333333333333 0.024833333333333332 0.006666666666666667 0.006666666666666667
0 0.9558333333333333 0.21516666666666667 0.006666666666666667 0.006666666666666667
0 0.8151666666666667 0.0015 0.006666666666666667 0.006666666666666667
0 0.9845 0.0335 0.006666666666666667 0.006666666666666667
0 0.9798333333333333 0.035833333333333335 0.006666666666666667 0.006666666666666667
0 0.9741666666666666 0.1145 0.006666666666666667 0.006666666666666667
0 0.9531666666666667 0.1585 0.006666666666666667 0.006666666666666667
0 0.9298333333333333 0.17683333333333334 0.006666666666666667 0.006666666666666667
0 0.8898333333333334 0.14183333333333334 0.006666666666666667 0.006666666666666667
0 0.8795 0.1435 0.006666666666666667 0.006666666666666667
0 0.8718333333333333 0.14116666666666666 0.006666666666666667 0.006666666666666667
0 0.8675 0.16016666666666668 0.006666666666666667 0.006666666666666667
0 0.8495 0.19983333333333334 0.006666666666666667 0.006666666666666667
0 0.8405 0.20283333333333334 0.006666666666666667 0.006666666666666667
0 0.8048333333333333 0.17916666666666667 0.006666666666666667 0.006666666666666667
0 0.9335 0.1045 0.006666666666666667 0.006666666666666667
0 0.9178333333333333 0.09816666666666667 0.006666666666666667 0.006666666666666667
0 0.9231666666666667 0.07383333333333333 0.006666666666666667 0.006666666666666667
0 0.6178333333333333 0.25983333333333336 0.006666666666666667 0.006666666666666667
0 0.6278333333333334 0.2658333333333333 0.006666666666666667 0.006666666666666667
0 0.43383333333333335 0.1615 0.006666666666666667 0.006666666666666667
0 0.5175 0.07516666666666667 0.006666666666666667 0.006666666666666667
0 0.4485 0.5541666666666667 0.006666666666666667 0.006666666666666667
0 0.40116666666666667 0.5485 0.006666666666666667 0.006666666666666667
0 0.38383333333333336 0.6428333333333334 0.006666666666666667 0.006666666666666667
0 0.5385 0.6771666666666667 0.006666666666666667 0.006666666666666667
0 0.5768333333333333 0.5488333333333333 0.006666666666666667 0.006666666666666667
0 0.5848333333333333 0.5311666666666667 0.006666666666666667 0.006666666666666667
0 0.6718333333333333 0.41283333333333333 0.006666666666666667 0.006666666666666667
0 0.3458333333333333 0.7311666666666666 0.006666666666666667 0.006666666666666667
0 0.016833333333333332 0.5475 0.006666666666666667 0.006666666666666667
0 0.018833333333333334 0.5421666666666667 0.006666666666666667 0.006666666666666667
0 0.10716666666666666 0.4985 0.006666666666666667 0.006666666666666667
0 0.005833333333333334 0.6035 0.006666666666666667 0.006666666666666667
0 0.0235 0.5798333333333333 0.006666666666666667 0.006666666666666667
0 0.0895 0.5965 0.006666666666666667 0.006666666666666667
0 0.08283333333333333 0.5958333333333333 0.006666666666666667 0.006666666666666667
0 0.06416666666666666 0.6011666666666666 0.006666666666666667 0.006666666666666667
0 0.06383333333333334 0.6028333333333333 0.006666666666666667 0.006666666666666667
0 0.41683333333333333 0.4215 0.006666666666666667 0.006666666666666667
0 0.4205 0.38816666666666666 0.006666666666666667 0.006666666666666667
0 0.41383333333333333 0.38916666666666666 0.006666666666666667 0.006666666666666667
0 0.42483333333333334 0.3775 0.006666666666666667 0.006666666666666667
0 0.4261666666666667 0.36916666666666664 0.006666666666666667 0.006666666666666667
0 0.37483333333333335 0.4205 0.006666666666666667 0.006666666666666667
0 0.38816666666666666 0.4101666666666667 0.006666666666666667 0.006666666666666667
0 0.3935 0.4068333333333333 0.006666666666666667 0.006666666666666667
0 0.3938333333333333 0.3965 0.006666666666666667 0.006666666666666667
0 0.5008333333333334 0.4618333333333333 0.006666666666666667 0.006666666666666667
0 0.5021666666666667 0.4585 0.006666666666666667 0.006666666666666667
0 0.4335 0.5311666666666667 0.006666666666666667 0.006666666666666667
0 0.21216666666666667 0.5028333333333334 0.006666666666666667 0.006666666666666667
0 0.2135 0.4965 0.006666666666666667 0.006666666666666667
0 0.22916666666666666 0.4595 0.006666666666666667 0.006666666666666667
0 0.2235 0.4568333333333333 0.006666666666666667 0.006666666666666667
0 0.09516666666666666 0.6575 0.006666666666666667 0.006666666666666667
0 0.1395 0.6128333333333333 0.006666666666666667 0.006666666666666667
0 0.1295 0.6485 0.006666666666666667 0.006666666666666667
0 0.12783333333333333 0.6591666666666667 0.006666666666666667 0.006666666666666667
0 0.2625 0.3955 0.006666666666666667 0.006666666666666667
0 0.20816666666666667 0.36983333333333335 0.006666666666666667 0.006666666666666667
0 0.1955 0.4681666666666667 0.006666666666666667 0.006666666666666667
0 0.2055 0.4638333333333333 0.006666666666666667 0.006666666666666667
0 0.1775 0.6961666666666667 0.006666666666666667 0.006666666666666667
0 0.2025 0.6771666666666667 0.006666666666666667 0.006666666666666667
0 0.6648333333333334 0.43616666666666665 0.006666666666666667 0.006666666666666667
0 0.6568333333333334 0.4675 0.006666666666666667 0.006666666666666667
0 0.6375 0.43016666666666664 0.006666666666666667 0.006666666666666667
0 0.6718333333333333 0.38616666666666666 0.006666666666666667 0.006666666666666667
0 0.6051666666666666 0.4855 0.006666666666666667 0.006666666666666667
0 0.6015 0.4905 0.006666666666666667 0.006666666666666667
0 0.5935 0.4905 0.006666666666666667 0.006666666666666667
0 0.5045 0.49616666666666664 0.006666666666666667 0.006666666666666667
0 0.4825 0.5045 0.006666666666666667 0.006666666666666667
0 0.5445 0.4745 0.006666666666666667 0.006666666666666667
0 0.24016666666666667 0.6708333333333333 0.006666666666666667 0.006666666666666667
0 0.27216666666666667 0.6868333333333333 0.006666666666666667 0.006666666666666667
0 0.26916666666666667 0.6755 0.006666666666666667 0.006666666666666667
0 0.2645 0.6815 0.006666666666666667 0.006666666666666667
0 0.2665 0.6915 0.006666666666666667 0.006666666666666667
0 0.08683333333333333 0.8705 0.006666666666666667 0.006666666666666667
0 0.08016666666666666 0.8748333333333334 0.006666666666666667 0.006666666666666667
0 0.06483333333333334 0.8435 0.006666666666666667 0.006666666666666667
0 0.03883333333333333 0.8335 0.006666666666666667 0.006666666666666667
0 0.07616666666666666 0.7818333333333334 0.006666666666666667 0.006666666666666667
0 0.11716666666666667 0.7138333333333333 0.006666666666666667 0.006666666666666667
0 0.1265 0.5825 0.006666666666666667 0.006666666666666667
0 0.21416666666666667 0.5215 0.006666666666666667 0.006666666666666667
0 0.1885 0.4088333333333333 0.006666666666666667 0.006666666666666667
0 0.17816666666666667 0.4088333333333333 0.006666666666666667 0.006666666666666667
0 0.1705 0.4101666666666667 0.006666666666666667 0.006666666666666667
0 0.16516666666666666 0.41483333333333333 0.006666666666666667 0.006666666666666667
0 0.16216666666666665 0.4195 0.006666666666666667 0.006666666666666667
0 0.1265 0.4245 0.006666666666666667 0.006666666666666667
0 0.1275 0.4598333333333333 0.006666666666666667 0.006666666666666667
0 0.1225 0.4028333333333333 0.006666666666666667 0.006666666666666667
0 0.19383333333333333 0.36483333333333334 0.006666666666666667 0.006666666666666667
0 0.16183333333333333 0.31016666666666665 0.006666666666666667 0.006666666666666667
0 0.1995 0.015166666666666667 0.006666666666666667 0.006666666666666667
0 0.3898333333333333 0.09483333333333334 0.006666666666666667 0.006666666666666667
0 0.5151666666666667 0.09716666666666667 0.006666666666666667 0.006666666666666667
0 0.9175 0.9555 0.006666666666666667 0.006666666666666667
0 0.9878333333333333 0.9821666666666666 0.006666666666666667 0.006666666666666667
0 0.6121666666666666 0.7268333333333333 0.006666666666666667 0.006666666666666667
0 0.7255 0.5998333333333333 0.006666666666666667 0.006666666666666667
0 0.6571666666666667 0.4495 0.006666666666666667 0.006666666666666667
0 0.5585 0.3535 0.006666666666666667 0.006666666666666667
0 0.7058333333333333 0.36916666666666664 0.006666666666666667 0.006666666666666667
0 0.7058333333333333 0.38216666666666665 0.006666666666666667 0.006666666666666667
0 0.5858333333333333 0.31016666666666665 0.006666666666666667 0.006666666666666667
0 0.5015 0.1715 0.006666666666666667 0.006666666666666667
