0 0.025166666666666667 0.06516666666666666 0.006666666666666667 0.006666666666666667
0 0.060833333333333336 0.058166666666666665 0.006666666666666667 0.006666666666666667
0 0.06916666666666667 0.0555 0.006666666666666667 0.006666666666666667
0 0.0745 0.0355 0.006666666666666667 0.006666666666666667
0 0.08016666666666666 0.050166666666666665 0.006666666666666667 0.006666666666666667
0 0.0785 0.05483333333333333 0.006666666666666667 0.006666666666666667
0 0.016166666666666666 0.09683333333333333 0.006666666666666667 0.006666666666666667
0 0.019166666666666665 0.09216666666666666 0.006666666666666667 0.006666666666666667
0 0.08983333333333333 0.028833333333333332 0.006666666666666667 0.006666666666666667
0 0.08383333333333333 0.0305 0.006666666666666667 0.006666666666666667
0 0.1225 0.0175 0.006666666666666667 0.006666666666666667
0 0.09516666666666666 0.042833333333333334 0.006666666666666667 0.006666666666666667
0 0.09283333333333334 0.1265 0.006666666666666667 0.006666666666666667
0 0.1065 0.11283333333333333 0.006666666666666667 0.006666666666666667
0 0.1375 0.1115 0.006666666666666667 0.006666666666666667
0 0.1285 0.0955 0.006666666666666667 0.006666666666666667
0 0.13516666666666666 0.09483333333333334 0.006666666666666667 0.006666666666666667
0 0.1475 0.09516666666666666 0.006666666666666667 0.006666666666666667
0 0.036833333333333336 0.11283333333333333 0.006666666666666667 0.006666666666666667
0 0.0325 0.10483333333333333 0.006666666666666667 0.006666666666666667
0 0.019166666666666665 0.16283333333333333 0.006666666666666667 0.006666666666666667
0 0.06516666666666666 0.15216666666666667 0.006666666666666667 0.006666666666666667
0 0.0065 0.1895 0.006666666666666667 0.006666666666666667
0 0.011166666666666667 0.18516666666666667 0.006666666666666667 0.006666666666666667
0 0.07016666666666667 0.15716666666666668 0.006666666666666667 0.006666666666666667
0 0.028833333333333332 0.0865 0.006666666666666667 0.006666666666666667
0 0.059833333333333336 0.0175 0.006666666666666667 0.006666666666666667
0 0.08483333333333333 0.0115 0.006666666666666667 0.006666666666666667
0 0.14483333333333334 0.1015 0.006666666666666667 0.006666666666666667
0 0.10016666666666667 0.14583333333333334 0.006666666666666667 0.006666666666666667
0 0.050166666666666665 0.16216666666666665 0.006666666666666667 0.006666666666666667
0 0.04616666666666667 0.16716666666666666 0.006666666666666667 0.006666666666666667
0 0.1085 0.027833333333333335 0.006666666666666667 0.006666666666666667
0 0.11716666666666667 0.018166666666666668 0.006666666666666667 0.006666666666666667
0 0.1885 0.03283333333333333 0.006666666666666667 0.006666666666666667
0 0.1895 0.1025 0.006666666666666667 0.006666666666666667
0 0.1895 0.12483333333333334 0.006666666666666667 0.006666666666666667
0 0.1565 0.1945 0.006666666666666667 0.006666666666666667
0 0.17016666666666666 0.20216666666666666 0.006666666666666667 0.006666666666666667
0 0.16383333333333333 0.17516666666666666 0.006666666666666667 0.006666666666666667
0 0.18016666666666667 0.16216666666666665 0.006666666666666667 0.006666666666666667
0 0.17716666666666667 0.18616666666666667 0.006666666666666667 0.006666666666666667
0 0.12716666666666668 0.23016666666666666 0.006666666666666667 0.006666666666666667
0 0.13383333333333333 0.22483333333333333 0.006666666666666667 0.006666666666666667
0 0.1375 0.22083333333333333 0.006666666666666667 0.006666666666666667
0 0.13483333333333333 0.19983333333333334 0.006666666666666667 0.006666666666666667
0 0.1415 0.20483333333333334 0.006666666666666667 0.006666666666666667
0 0.1565 0.22116666666666668 0.006666666666666667 0.006666666666666667
0 0.024833333333333332 0.23016666666666666 0.006666666666666667 0.006666666666666667
0 0.0275 0.22583333333333333 0.006666666666666667 0.006666666666666667
0 0.034166666666666665 0.22216666666666668 0.006666666666666667 0.006666666666666667
0 0.026166666666666668 0.2145 0.006666666666666667 0.006666666666666667
0 0.0215 0.19216666666666668 0.006666666666666667 0.006666666666666667
0 0.10483333333333333 0.0635 0.006666666666666667 0.006666666666666667
0 0.06016666666666667 0.26016666666666666 0.006666666666666667 0.006666666666666667
0 0.0605 0.2675 0.006666666666666667 0.006666666666666667
0 0.0615 0.2725 0.006666666666666667 0.006666666666666667
0 0.058833333333333335 0.2785 0.006666666666666667 0.006666666666666667
0 0.0585 0.25083333333333335 0.006666666666666667 0.006666666666666667
0 0.06916666666666667 0.25883333333333336 0.006666666666666667 0.006666666666666667
0 0.07183333333333333 0.2545 0.006666666666666667 0.006666666666666667
0 0.08183333333333333 0.2618333333333333 0.006666666666666667 0.006666666666666667
0 0.1015 0.2645 0.006666666666666667 0.006666666666666667
0 0.016166666666666666 0.3005 0.006666666666666667 0.006666666666666667
0 0.008833333333333334 0.2925 0.006666666666666667 0.006666666666666667
0 0.009166666666666667 0.31383333333333335 0.006666666666666667 0.006666666666666667
0 0.03916666666666667 0.2758333333333333 0.006666666666666667 0.006666666666666667
0 0.03983333333333333 0.27016666666666667 0.006666666666666667 0.006666666666666667
0 0.031166666666666665 0.2708333333333333 0.006666666666666667 0.006666666666666667
0 0.0325 0.2771666666666667 0.006666666666666667 0.006666666666666667
0 0.0505 0.3345 0.006666666666666667 0.006666666666666667
0 0.03883333333333333 0.3348333333333333 0.006666666666666667 0.006666666666666667
0 0.03283333333333333 0.3385 0.006666666666666667 0.006666666666666667
0 0.026166666666666668 0.3395 0.006666666666666667 0.006666666666666667
0 0.029166666666666667 0.3468333333333333 0.006666666666666667 0.006666666666666667
0 0.04016666666666667 0.36183333333333334 0.006666666666666667 0.006666666666666667
0 0.0535 0.3458333333333333 0.006666666666666667 0.006666666666666667
0 0.06016666666666667 0.3458333333333333 0.006666666666666667 0.006666666666666667
0 0.058833333333333335 0.36616666666666664 0.006666666666666667 0.006666666666666667
0 0.052833333333333336 0.3695 0.006666666666666667 0.006666666666666667
0 0.0485 0.38083333333333336 0.006666666666666667 0.006666666666666667
0 0.0735 0.3795 0.006666666666666667 0.006666666666666667
0 0.0705 0.3545 0.006666666666666667 0.006666666666666667
0 0.08283333333333333 0.3495 0.006666666666666667 0.006666666666666667
0 0.08116666666666666 0.3375 0.006666666666666667 0.006666666666666667
0 0.08283333333333333 0.3275 0.006666666666666667 0.006666666666666667
0 0.08183333333333333 0.32116666666666666 0.006666666666666667 0.006666666666666667
0 0.09016666666666667 0.32183333333333336 0.006666666666666667 0.006666666666666667
0 0.0835 0.31216666666666665 0.006666666666666667 0.006666666666666667
0 0.08983333333333333 0.30716666666666664 0.006666666666666667 0.006666666666666667
0 0.0705 0.32083333333333336 0.006666666666666667 0.006666666666666667
0 0.09916666666666667 0.3541666666666667 0.006666666666666667 0.006666666666666667
0 0.1005 0.3635 0.006666666666666667 0.006666666666666667
0 0.10383333333333333 0.36716666666666664 0.006666666666666667 0.006666666666666667
0 0.09983333333333333 0.37616666666666665 0.006666666666666667 0.006666666666666667
0 0.0985 0.38116666666666665 0.006666666666666667 0.006666666666666667
0 0.1115 0.36083333333333334 0.006666666666666667 0.006666666666666667
0 0.1215 0.3481666666666667 0.006666666666666667 0.006666666666666667
0 0.12283333333333334 0.3625 0.006666666666666667 0.006666666666666667
0 0.11783333333333333 0.3695 0.006666666666666667 0.006666666666666667
0 0.12383333333333334 0.3755 0.006666666666666667 0.006666666666666667
0 0.11983333333333333 0.3755 0.006666666666666667 0.006666666666666667
0 0.11716666666666667 0.38116666666666665 0.006666666666666667 0.006666666666666667
0 0.1115 0.3868333333333333 0.006666666666666667 0.006666666666666667
0 0.10416666666666667 0.3895 0.006666666666666667 0.006666666666666667
0 0.08116666666666666 0.4035 0.006666666666666667 0.006666666666666667
0 0.08916666666666667 0.39816666666666667 0.006666666666666667 0.006666666666666667
0 0.06883333333333333 0.4058333333333333 0.006666666666666667 0.006666666666666667
0 0.06183333333333333 0.4048333333333333 0.006666666666666667 0.006666666666666667
0 0.0635 0.4085 0.006666666666666667 0.006666666666666667
0 0.0655 0.39916666666666667 0.006666666666666667 0.006666666666666667
0 0.06983333333333333 0.3945 0.006666666666666667 0.006666666666666667
0 0.08383333333333333 0.39316666666666666 0.006666666666666667 0.006666666666666667
0 0.14283333333333334 0.24883333333333332 0.006666666666666667 0.006666666666666667
0 0.14716666666666667 0.26316666666666666 0.006666666666666667 0.006666666666666667
0 0.20383333333333334 0.19716666666666666 0.006666666666666667 0.006666666666666667
0 0.017833333333333333 0.36683333333333334 0.006666666666666667 0.006666666666666667
0 0.0275 0.3655 0.006666666666666667 0.006666666666666667
0 0.0305 0.3605 0.006666666666666667 0.006666666666666667
0 0.0365 0.3545 0.006666666666666667 0.006666666666666667
0 0.015166666666666667 0.39716666666666667 0.006666666666666667 0.006666666666666667
0 0.022833333333333334 0.3958333333333333 0.006666666666666667 0.006666666666666667
0 0.0205 0.4105 0.006666666666666667 0.006666666666666667
0 0.0205 0.41083333333333333 0.006666666666666667 0.006666666666666667
0 0.022833333333333334 0.4048333333333333 0.006666666666666667 0.006666666666666667
0 0.013833333333333333 0.33316666666666667 0.006666666666666667 0.006666666666666667
0 0.07516666666666667 0.4141666666666667 0.006666666666666667 0.006666666666666667
0 0.08116666666666666 0.4105 0.006666666666666667 0.006666666666666667
0 0.08516666666666667 0.4095 0.006666666666666667 0.006666666666666667
0 0.09016666666666667 0.4041666666666667 0.006666666666666667 0.006666666666666667
0 0.08616666666666667 0.4141666666666667 0.006666666666666667 0.006666666666666667
0 0.0865 0.41783333333333333 0.006666666666666667 0.006666666666666667
0 0.08483333333333333 0.4241666666666667 0.006666666666666667 0.006666666666666667
0 0.07916666666666666 0.42716666666666664 0.006666666666666667 0.006666666666666667
0 0.07183333333333333 0.4245 0.006666666666666667 0.006666666666666667
0 0.0805 0.4191666666666667 0.006666666666666667 0.006666666666666667
0 0.09116666666666666 0.4121666666666667 0.006666666666666667 0.006666666666666667
0 0.09516666666666666 0.4081666666666667 0.006666666666666667 0.006666666666666667
0 0.1005 0.4031666666666667 0.006666666666666667 0.006666666666666667
0 0.07483333333333334 0.44216666666666665 0.006666666666666667 0.006666666666666667
0 0.08183333333333333 0.43783333333333335 0.006666666666666667 0.006666666666666667
0 0.0805 0.44783333333333336 0.006666666666666667 0.006666666666666667
0 0.0875 0.44283333333333336 0.006666666666666667 0.006666666666666667
0 0.09883333333333333 0.43983333333333335 0.006666666666666667 0.006666666666666667
0 0.09416666666666666 0.43783333333333335 0.006666666666666667 0.006666666666666667
0 0.10416666666666667 0.43683333333333335 0.006666666666666667 0.006666666666666667
0 0.1035 0.4485 0.006666666666666667 0.006666666666666667
0 0.10783333333333334 0.4485 0.006666666666666667 0.006666666666666667
0 0.09416666666666666 0.4635 0.006666666666666667 0.006666666666666667
0 0.1005 0.4645 0.006666666666666667 0.006666666666666667
0 0.08383333333333333 0.4568333333333333 0.006666666666666667 0.006666666666666667
0 0.10716666666666666 0.4628333333333333 0.006666666666666667 0.006666666666666667
0 0.11416666666666667 0.4655 0.006666666666666667 0.006666666666666667
0 0.11383333333333333 0.4578333333333333 0.006666666666666667 0.006666666666666667
0 0.12116666666666667 0.4598333333333333 0.006666666666666667 0.006666666666666667
0 0.1175 0.4548333333333333 0.006666666666666667 0.006666666666666667
0 0.12416666666666666 0.45716666666666667 0.006666666666666667 0.006666666666666667
0 0.12716666666666668 0.45916666666666667 0.006666666666666667 0.006666666666666667
0 0.1285 0.4518333333333333 0.006666666666666667 0.006666666666666667
0 0.1265 0.44783333333333336 0.006666666666666667 0.006666666666666667
0 0.11916666666666667 0.44316666666666665 0.006666666666666667 0.006666666666666667
0 0.10516666666666667 0.43316666666666664 0.006666666666666667 0.006666666666666667
0 0.0975 0.42716666666666664 0.006666666666666667 0.006666666666666667
0 0.10616666666666667 0.42483333333333334 0.006666666666666667 0.006666666666666667
0 0.1065 0.4195 0.006666666666666667 0.006666666666666667
0 0.10983333333333334 0.41683333333333333 0.006666666666666667 0.006666666666666667
0 0.11383333333333333 0.41283333333333333 0.006666666666666667 0.006666666666666667
0 0.1185 0.4071666666666667 0.006666666666666667 0.006666666666666667
0 0.12483333333333334 0.4095 0.006666666666666667 0.006666666666666667
0 0.12016666666666667 0.4135 0.006666666666666667 0.006666666666666667
0 0.11816666666666667 0.4185 0.006666666666666667 0.006666666666666667
0 0.11383333333333333 0.42583333333333334 0.006666666666666667 0.006666666666666667
0 0.1185 0.4285 0.006666666666666667 0.006666666666666667
0 0.1235 0.42983333333333335 0.006666666666666667 0.006666666666666667
0 0.1265 0.43683333333333335 0.006666666666666667 0.006666666666666667
0 0.12916666666666668 0.44283333333333336 0.006666666666666667 0.006666666666666667
0 0.13416666666666666 0.44083333333333335 0.006666666666666667 0.006666666666666667
0 0.1335 0.4171666666666667 0.006666666666666667 0.006666666666666667
0 0.12716666666666668 0.4085 0.006666666666666667 0.006666666666666667
0 0.12983333333333333 0.4005 0.006666666666666667 0.006666666666666667
0 0.13516666666666666 0.4021666666666667 0.006666666666666667 0.006666666666666667
0 0.13516666666666666 0.39616666666666667 0.006666666666666667 0.006666666666666667
0 0.13916666666666666 0.38483333333333336 0.006666666666666667 0.006666666666666667
0 0.14383333333333334 0.3878333333333333 0.006666666666666667 0.006666666666666667
0 0.14416666666666667 0.37416666666666665 0.006666666666666667 0.006666666666666667
0 0.1485 0.3725 0.006666666666666667 0.006666666666666667
0 0.14916666666666667 0.3585 0.006666666666666667 0.006666666666666667
0 0.15616666666666668 0.36583333333333334 0.006666666666666667 0.006666666666666667
0 0.13883333333333334 0.3491666666666667 0.006666666666666667 0.006666666666666667
0 0.1515 0.3431666666666667 0.006666666666666667 0.006666666666666667
0 0.15483333333333332 0.3295 0.006666666666666667 0.006666666666666667
0 0.15783333333333333 0.32316666666666666 0.006666666666666667 0.006666666666666667
0 0.16116666666666668 0.30983333333333335 0.006666666666666667 0.006666666666666667
0 0.16483333333333333 0.3025 0.006666666666666667 0.006666666666666667
0 0.1585 0.3368333333333333 0.006666666666666667 0.006666666666666667
0 0.15383333333333332 0.3545 0.006666666666666667 0.006666666666666667
0 0.16016666666666668 0.34983333333333333 0.006666666666666667 0.006666666666666667
0 0.1685 0.3805 0.006666666666666667 0.006666666666666667
0 0.1745 0.3755 0.006666666666666667 0.006666666666666667
0 0.17216666666666666 0.3885 0.006666666666666667 0.006666666666666667
0 0.16616666666666666 0.3935 0.006666666666666667 0.006666666666666667
0 0.15516666666666667 0.4055 0.006666666666666667 0.006666666666666667
0 0.1485 0.41183333333333333 0.006666666666666667 0.006666666666666667
0 0.1465 0.4245 0.006666666666666667 0.006666666666666667
0 0.14116666666666666 0.42816666666666664 0.006666666666666667 0.006666666666666667
0 0.1525 0.43183333333333335 0.006666666666666667 0.006666666666666667
0 0.15383333333333332 0.42483333333333334 0.006666666666666667 0.006666666666666667
0 0.16116666666666668 0.41983333333333334 0.006666666666666667 0.006666666666666667
0 0.16483333333333333 0.42583333333333334 0.006666666666666667 0.006666666666666667
0 0.1695 0.41983333333333334 0.006666666666666667 0.006666666666666667
0 0.16416666666666666 0.4141666666666667 0.006666666666666667 0.006666666666666667
0 0.15716666666666668 0.4145 0.006666666666666667 0.006666666666666667
0 0.16783333333333333 0.4095 0.006666666666666667 0.006666666666666667
0 0.17283333333333334 0.4141666666666667 0.006666666666666667 0.006666666666666667
0 0.17783333333333334 0.4078333333333333 0.006666666666666667 0.006666666666666667
0 0.17483333333333334 0.4028333333333333 0.006666666666666667 0.006666666666666667
0 0.1795 0.39816666666666667 0.006666666666666667 0.006666666666666667
0 0.18283333333333332 0.3935 0.006666666666666667 0.006666666666666667
0 0.1885 0.38716666666666666 0.006666666666666667 0.006666666666666667
0 0.1665 0.4048333333333333 0.006666666666666667 0.006666666666666667
0 0.041166666666666664 0.4765 0.006666666666666667 0.006666666666666667
0 0.04516666666666667 0.4681666666666667 0.006666666666666667 0.006666666666666667
0 0.05416666666666667 0.4718333333333333 0.006666666666666667 0.006666666666666667
0 0.0655 0.4771666666666667 0.006666666666666667 0.006666666666666667
0 0.0665 0.48783333333333334 0.006666666666666667 0.006666666666666667
0 0.07683333333333334 0.4885 0.006666666666666667 0.006666666666666667
0 0.05383333333333333 0.49916666666666665 0.006666666666666667 0.006666666666666667
0 0.059166666666666666 0.5035 0.006666666666666667 0.006666666666666667
0 0.0665 0.49316666666666664 0.006666666666666667 0.006666666666666667
0 0.0715 0.49783333333333335 0.006666666666666667 0.006666666666666667
0 0.03883333333333333 0.5015 0.006666666666666667 0.006666666666666667
0 0.04016666666666667 0.5071666666666667 0.006666666666666667 0.006666666666666667
0 0.04416666666666667 0.49216666666666664 0.006666666666666667 0.006666666666666667
0 0.0265 0.4721666666666667 0.006666666666666667 0.006666666666666667
0 0.014833333333333334 0.4515 0.006666666666666667 0.006666666666666667
0 0.014833333333333334 0.4445 0.006666666666666667 0.006666666666666667
0 0.0205 0.43583333333333335 0.006666666666666667 0.006666666666666667
0 0.034166666666666665 0.43816666666666665 0.006666666666666667 0.006666666666666667
0 0.023166666666666665 0.37683333333333335 0.006666666666666667 0.006666666666666667
0 0.18583333333333332 0.3605 0.006666666666666667 0.006666666666666667
0 0.1835 0.36683333333333334 0.006666666666666667 0.006666666666666667
0 0.20116666666666666 0.3445 0.006666666666666667 0.006666666666666667
0 0.2055 0.37283333333333335 0.006666666666666667 0.006666666666666667
0 0.20616666666666666 0.37916666666666665 0.006666666666666667 0.006666666666666667
0 0.1995 0.3928333333333333 0.006666666666666667 0.006666666666666667
0 0.19783333333333333 0.3995 0.006666666666666667 0.006666666666666667
0 0.1865 0.4071666666666667 0.006666666666666667 0.006666666666666667
0 0.21216666666666667 0.40116666666666667 0.006666666666666667 0.006666666666666667
0 0.014166666666666666 0.5775 0.006666666666666667 0.006666666666666667
0 0.023833333333333335 0.5805 0.006666666666666667 0.006666666666666667
0 0.0325 0.5505 0.006666666666666667 0.006666666666666667
0 0.0855 0.5045 0.006666666666666667 0.006666666666666667
0 0.011166666666666667 0.6241666666666666 0.006666666666666667 0.006666666666666667
0 0.020166666666666666 0.6045 0.006666666666666667 0.006666666666666667
0 0.06383333333333334 0.6038333333333333 0.006666666666666667 0.006666666666666667
0 0.06416666666666666 0.5988333333333333 0.006666666666666667 0.006666666666666667
0 0.0825 0.5951666666666666 0.006666666666666667 0.006666666666666667
0 0.08983333333333333 0.5968333333333333 0.006666666666666667 0.006666666666666667
0 0.09216666666666666 0.5895 0.006666666666666667 0.006666666666666667
0 0.008833333333333334 0.5105 0.006666666666666667 0.006666666666666667
0 0.022833333333333334 0.5008333333333334 0.006666666666666667 0.006666666666666667
0 0.17383333333333334 0.49083333333333334 0.006666666666666667 0.006666666666666667
0 0.2345 0.5215 0.006666666666666667 0.006666666666666667
0 0.24383333333333335 0.5221666666666667 0.006666666666666667 0.006666666666666667
0 0.24883333333333332 0.5181666666666667 0.006666666666666667 0.006666666666666667
0 0.24383333333333335 0.5105 0.006666666666666667 0.006666666666666667
0 0.23716666666666666 0.4721666666666667 0.006666666666666667 0.006666666666666667
0 0.2425 0.4718333333333333 0.006666666666666667 0.006666666666666667
0 0.2495 0.4865 0.006666666666666667 0.006666666666666667
0 0.25483333333333336 0.48783333333333334 0.006666666666666667 0.006666666666666667
0 0.22016666666666668 0.5525 0.006666666666666667 0.006666666666666667
0 0.21883333333333332 0.5575 0.006666666666666667 0.006666666666666667
0 0.2235 0.5595 0.006666666666666667 0.006666666666666667
0 0.2315 0.5488333333333333 0.006666666666666667 0.006666666666666667
0 0.23816666666666667 0.5468333333333333 0.006666666666666667 0.006666666666666667
0 0.22983333333333333 0.5595 0.006666666666666667 0.006666666666666667
0 0.22883333333333333 0.5691666666666667 0.006666666666666667 0.006666666666666667
0 0.2295 0.5765 0.006666666666666667 0.006666666666666667
0 0.20116666666666666 0.5951666666666666 0.006666666666666667 0.006666666666666667
0 0.20783333333333334 0.5968333333333333 0.006666666666666667 0.006666666666666667
0 0.19883333333333333 0.5901666666666666 0.006666666666666667 0.006666666666666667
0 0.19716666666666666 0.5841666666666666 0.006666666666666667 0.006666666666666667
0 0.19083333333333333 0.5628333333333333 0.006666666666666667 0.006666666666666667
0 0.1825 0.5691666666666667 0.006666666666666667 0.006666666666666667
0 0.1765 0.5738333333333333 0.006666666666666667 0.006666666666666667
0 0.1775 0.5818333333333333 0.006666666666666667 0.006666666666666667
0 0.1835 0.5818333333333333 0.006666666666666667 0.006666666666666667
0 0.19016666666666668 0.5851666666666666 0.006666666666666667 0.006666666666666667
0 0.18616666666666667 0.5751666666666667 0.006666666666666667 0.006666666666666667
0 0.18716666666666668 0.5491666666666667 0.006666666666666667 0.006666666666666667
0 0.2065 0.5231666666666667 0.006666666666666667 0.006666666666666667
0 0.21383333333333332 0.5218333333333334 0.006666666666666667 0.006666666666666667
0 0.21016666666666667 0.5028333333333334 0.006666666666666667 0.006666666666666667
0 0.21116666666666667 0.49683333333333335 0.006666666666666667 0.006666666666666667
0 0.2265 0.49016666666666664 0.006666666666666667 0.006666666666666667
0 0.23116666666666666 0.49216666666666664 0.006666666666666667 0.006666666666666667
0 0.2365 0.49283333333333335 0.006666666666666667 0.006666666666666667
0 0.2821666666666667 0.5158333333333334 0.006666666666666667 0.006666666666666667
0 0.2838333333333333 0.5091666666666667 0.006666666666666667 0.006666666666666667
0 0.29083333333333333 0.5145 0.006666666666666667 0.006666666666666667
0 0.2911666666666667 0.5051666666666667 0.006666666666666667 0.006666666666666667
0 0.29183333333333333 0.5051666666666667 0.006666666666666667 0.006666666666666667
0 0.2971666666666667 0.4985 0.006666666666666667 0.006666666666666667
0 0.2851666666666667 0.49516666666666664 0.006666666666666667 0.006666666666666667
0 0.2871666666666667 0.48783333333333334 0.006666666666666667 0.006666666666666667
0 0.29183333333333333 0.4795 0.006666666666666667 0.006666666666666667
0 0.2638333333333333 0.4665 0.006666666666666667 0.006666666666666667
0 0.2685 0.4658333333333333 0.006666666666666667 0.006666666666666667
0 0.2748333333333333 0.4668333333333333 0.006666666666666667 0.006666666666666667
0 0.2798333333333333 0.4721666666666667 0.006666666666666667 0.006666666666666667
0 0.25716666666666665 0.5158333333333334 0.006666666666666667 0.006666666666666667
0 0.26116666666666666 0.5255 0.006666666666666667 0.006666666666666667
0 0.2638333333333333 0.5138333333333334 0.006666666666666667 0.006666666666666667
0 0.2638333333333333 0.5088333333333334 0.006666666666666667 0.006666666666666667
0 0.27516666666666667 0.5005 0.006666666666666667 0.006666666666666667
0 0.2748333333333333 0.5101666666666667 0.006666666666666667 0.006666666666666667
0 0.2808333333333333 0.4985 0.006666666666666667 0.006666666666666667
0 0.25683333333333336 0.47783333333333333 0.006666666666666667 0.006666666666666667
0 0.23116666666666666 0.5071666666666667 0.006666666666666667 0.006666666666666667
0 0.2375 0.5065 0.006666666666666667 0.006666666666666667
0 0.2385 0.5065 0.006666666666666667 0.006666666666666667
0 0.2695 0.5181666666666667 0.006666666666666667 0.006666666666666667
0 0.2781666666666667 0.5228333333333334 0.006666666666666667 0.006666666666666667
0 0.23383333333333334 0.5925 0.006666666666666667 0.006666666666666667
0 0.23616666666666666 0.5875 0.006666666666666667 0.006666666666666667
0 0.24216666666666667 0.5831666666666667 0.006666666666666667 0.006666666666666667
0 0.2485 0.5795 0.006666666666666667 0.006666666666666667
0 0.25583333333333336 0.5755 0.006666666666666667 0.006666666666666667
0 0.2535 0.5818333333333333 0.006666666666666667 0.006666666666666667
0 0.25083333333333335 0.5891666666666666 0.006666666666666667 0.006666666666666667
0 0.25883333333333336 0.5715 0.006666666666666667 0.006666666666666667
0 0.2658333333333333 0.5655 0.006666666666666667 0.006666666666666667
0 0.26816666666666666 0.5608333333333333 0.006666666666666667 0.006666666666666667
0 0.2758333333333333 0.5558333333333333 0.006666666666666667 0.006666666666666667
0 0.2738333333333333 0.5518333333333333 0.006666666666666667 0.006666666666666667
0 0.2831666666666667 0.5441666666666667 0.006666666666666667 0.006666666666666667
0 0.2735 0.5465 0.006666666666666667 0.006666666666666667
0 0.2821666666666667 0.5541666666666667 0.006666666666666667 0.006666666666666667
0 0.2861666666666667 0.5471666666666667 0.006666666666666667 0.006666666666666667
0 0.2875 0.5401666666666667 0.006666666666666667 0.006666666666666667
0 0.2838333333333333 0.5371666666666667 0.006666666666666667 0.006666666666666667
0 0.2881666666666667 0.5341666666666667 0.006666666666666667 0.006666666666666667
0 0.29483333333333334 0.5318333333333334 0.006666666666666667 0.006666666666666667
0 0.30183333333333334 0.5328333333333334 0.006666666666666667 0.006666666666666667
0 0.2861666666666667 0.5465 0.006666666666666667 0.006666666666666667
0 0.29383333333333334 0.5408333333333334 0.006666666666666667 0.006666666666666667
0 0.29083333333333333 0.5445 0.006666666666666667 0.006666666666666667
0 0.30583333333333335 0.5415 0.006666666666666667 0.006666666666666667
0 0.2985 0.5371666666666667 0.006666666666666667 0.006666666666666667
0 0.3011666666666667 0.5345 0.006666666666666667 0.006666666666666667
0 0.30616666666666664 0.5258333333333334 0.006666666666666667 0.006666666666666667
0 0.24316666666666667 0.4181666666666667 0.006666666666666667 0.006666666666666667
0 0.2485 0.41783333333333333 0.006666666666666667 0.006666666666666667
0 0.2545 0.4135 0.006666666666666667 0.006666666666666667
0 0.25483333333333336 0.43416666666666665 0.006666666666666667 0.006666666666666667
0 0.24816666666666667 0.4345 0.006666666666666667 0.006666666666666667
0 0.2608333333333333 0.43183333333333335 0.006666666666666667 0.006666666666666667
0 0.26216666666666666 0.43916666666666665 0.006666666666666667 0.006666666666666667
0 0.25883333333333336 0.4245 0.006666666666666667 0.006666666666666667
0 0.2675 0.4345 0.006666666666666667 0.006666666666666667
0 0.2808333333333333 0.42916666666666664 0.006666666666666667 0.006666666666666667
0 0.2785 0.4241666666666667 0.006666666666666667 0.006666666666666667
0 0.27316666666666667 0.4315 0.006666666666666667 0.006666666666666667
0 0.2835 0.43683333333333335 0.006666666666666667 0.006666666666666667
0 0.2831666666666667 0.44483333333333336 0.006666666666666667 0.006666666666666667
0 0.2771666666666667 0.45216666666666666 0.006666666666666667 0.006666666666666667
0 0.2595 0.44916666666666666 0.006666666666666667 0.006666666666666667
0 0.0885 0.5481666666666667 0.006666666666666667 0.006666666666666667
0 0.09983333333333333 0.5558333333333333 0.006666666666666667 0.006666666666666667
0 0.10916666666666666 0.48683333333333334 0.006666666666666667 0.006666666666666667
0 0.1235 0.4881666666666667 0.006666666666666667 0.006666666666666667
0 0.10116666666666667 0.6288333333333334 0.006666666666666667 0.006666666666666667
0 0.0255 0.5875 0.006666666666666667 0.006666666666666667
0 0.17016666666666666 0.5288333333333334 0.006666666666666667 0.006666666666666667
0 0.15216666666666667 0.5478333333333333 0.006666666666666667 0.006666666666666667
0 0.1465 0.5525 0.006666666666666667 0.006666666666666667
0 0.16216666666666665 0.5505 0.006666666666666667 0.006666666666666667
0 0.15716666666666668 0.5441666666666667 0.006666666666666667 0.006666666666666667
0 0.19383333333333333 0.6591666666666667 0.006666666666666667 0.006666666666666667
0 0.19516666666666665 0.6431666666666667 0.006666666666666667 0.006666666666666667
0 0.23883333333333334 0.6305 0.006666666666666667 0.006666666666666667
0 0.2475 0.6295 0.006666666666666667 0.006666666666666667
0 0.2595 0.6338333333333334 0.006666666666666667 0.006666666666666667
0 0.24316666666666667 0.6105 0.006666666666666667 0.006666666666666667
0 0.27016666666666667 0.5838333333333333 0.006666666666666667 0.006666666666666667
0 0.2848333333333333 0.5765 0.006666666666666667 0.006666666666666667
0 0.32183333333333336 0.5878333333333333 0.006666666666666667 0.006666666666666667
0 0.3435 0.5825 0.006666666666666667 0.006666666666666667
0 0.31183333333333335 0.5001666666666666 0.006666666666666667 0.006666666666666667
0 0.31716666666666665 0.4995 0.006666666666666667 0.006666666666666667
0 0.3145 0.5035 0.006666666666666667 0.006666666666666667
0 0.31116666666666665 0.5081666666666667 0.006666666666666667 0.006666666666666667
0 0.3105 0.4915 0.006666666666666667 0.006666666666666667
0 0.24116666666666667 0.5365 0.006666666666666667 0.006666666666666667
0 0.2425 0.5321666666666667 0.006666666666666667 0.006666666666666667
0 0.3375 0.5251666666666667 0.006666666666666667 0.006666666666666667
0 0.3285 0.5358333333333334 0.006666666666666667 0.006666666666666667
0 0.3318333333333333 0.5238333333333334 0.006666666666666667 0.006666666666666667
0 0.32183333333333336 0.4995 0.006666666666666667 0.006666666666666667
0 0.3325 0.49316666666666664 0.006666666666666667 0.006666666666666667
0 0.34983333333333333 0.4851666666666667 0.006666666666666667 0.006666666666666667
0 0.2265 0.6738333333333333 0.006666666666666667 0.006666666666666667
0 0.24383333333333335 0.6788333333333333 0.006666666666666667 0.006666666666666667
0 0.2385 0.6935 0.006666666666666667 0.006666666666666667
0 0.2645 0.6811666666666667 0.006666666666666667 0.006666666666666667
0 0.27316666666666667 0.6861666666666667 0.006666666666666667 0.006666666666666667
0 0.27116666666666667 0.6761666666666667 0.006666666666666667 0.006666666666666667
0 0.22216666666666668 0.7215 0.006666666666666667 0.006666666666666667
0 0.24316666666666667 0.7088333333333333 0.006666666666666667 0.006666666666666667
0 0.1785 0.6955 0.006666666666666667 0.006666666666666667
0 0.11716666666666667 0.7138333333333333 0.006666666666666667 0.006666666666666667
0 0.0935 0.7528333333333334 0.006666666666666667 0.006666666666666667
0 0.09716666666666667 0.7465 0.006666666666666667 0.006666666666666667
0 0.10383333333333333 0.7301666666666666 0.006666666666666667 0.006666666666666667
0 0.09383333333333334 0.6598333333333334 0.006666666666666667 0.006666666666666667
0 0.11216666666666666 0.5121666666666667 0.006666666666666667 0.006666666666666667
0 0.2645 0.3515 0.006666666666666667 0.006666666666666667
0 0.9478333333333333 0.008833333333333334 0.006666666666666667 0.006666666666666667
0 0.9875 0.0345 0.006666666666666667 0.006666666666666667
0 0.9808333333333333 0.03716666666666667 0.006666666666666667 0.006666666666666667
0 0.9538333333333333 0.16183333333333333 0.006666666666666667 0.006666666666666667
0 0.9275 0.1475 0.006666666666666667 0.006666666666666667
0 0.9161666666666667 0.09883333333333333 0.006666666666666667 0.006666666666666667
0 0.8048333333333333 0.1805 0.006666666666666667 0.006666666666666667
0 0.8485 0.2035 0.006666666666666667 0.006666666666666667
0 0.8891666666666667 0.1435 0.006666666666666667 0.006666666666666667
0 0.8745 0.14383333333333334 0.006666666666666667 0.006666666666666667
0 0.8895 0.21383333333333332 0.006666666666666667 0.006666666666666667
0 0.9155 0.24616666666666667 0.006666666666666667 0.006666666666666667
0 0.9571666666666667 0.21983333333333333 0.006666666666666667 0.006666666666666667
0 0.9478333333333333 0.2555 0.006666666666666667 0.006666666666666667
0 0.9621666666666666 0.2855 0.006666666666666667 0.006666666666666667
0 0.9521666666666667 0.2911666666666667 0.006666666666666667 0.006666666666666667
0 0.8768333333333334 0.30316666666666664 0.006666666666666667 0.006666666666666667
0 0.8615 0.23116666666666666 0.006666666666666667 0.006666666666666667
0 0.7515 0.2758333333333333 0.006666666666666667 0.006666666666666667
0 0.7455 0.2765 0.006666666666666667 0.006666666666666667
0 0.6861666666666667 0.25583333333333336 0.006666666666666667 0.006666666666666667
0 0.6895 0.2445 0.006666666666666667 0.006666666666666667
0 0.7365 0.18083333333333335 0.006666666666666667 0.006666666666666667
0 0.7628333333333334 0.1475 0.006666666666666667 0.006666666666666667
0 0.6715 0.2825 0.006666666666666667 0.006666666666666667
0 0.6581666666666667 0.2891666666666667 0.006666666666666667 0.006666666666666667
0 0.6558333333333334 0.2795 0.006666666666666667 0.006666666666666667
0 0.6778333333333333 0.2811666666666667 0.006666666666666667 0.006666666666666667
0 0.8145 0.29283333333333333 0.006666666666666667 0.006666666666666667
0 0.5201666666666667 0.19083333333333333 0.006666666666666667 0.006666666666666667
0 0.5098333333333334 0.20016666666666666 0.006666666666666667 0.006666666666666667
0 0.5018333333333334 0.1735 0.006666666666666667 0.006666666666666667
0 0.4831666666666667 0.18116666666666667 0.006666666666666667 0.006666666666666667
0 0.5531666666666667 0.2825 0.006666666666666667 0.006666666666666667
0 0.5565 0.2768333333333333 0.006666666666666667 0.006666666666666667
0 0.5628333333333333 0.2715 0.006666666666666667 0.006666666666666667
0 0.5678333333333333 0.2891666666666667 0.006666666666666667 0.006666666666666667
0 0.5775 0.2748333333333333 0.006666666666666667 0.006666666666666667
0 0.5911666666666666 0.2768333333333333 0.006666666666666667 0.006666666666666667
0 0.6005 0.27316666666666667 0.006666666666666667 0.006666666666666667
0 0.6085 0.2748333333333333 0.006666666666666667 0.006666666666666667
0 0.6178333333333333 0.2635 0.006666666666666667 0.006666666666666667
0 0.6128333333333333 0.30483333333333335 0.006666666666666667 0.006666666666666667
0 0.6118333333333333 0.31316666666666665 0.006666666666666667 0.006666666666666667
0 0.5775 0.31183333333333335 0.006666666666666667 0.006666666666666667
0 0.5855 0.31216666666666665 0.006666666666666667 0.006666666666666667
0 0.5711666666666667 0.31616666666666665 0.006666666666666667 0.006666666666666667
0 0.5601666666666667 0.32616666666666666 0.006666666666666667 0.006666666666666667
0 0.5681666666666667 0.35383333333333333 0.006666666666666667 0.006666666666666667
0 0.5588333333333333 0.3541666666666667 0.006666666666666667 0.006666666666666667
0 0.5521666666666667 0.3665 0.006666666666666667 0.006666666666666667
0 0.5325 0.3468333333333333 0.006666666666666667 0.006666666666666667
0 0.5315 0.3408333333333333 0.006666666666666667 0.006666666666666667
0 0.5178333333333334 0.3455 0.006666666666666667 0.006666666666666667
0 0.4845 0.3471666666666667 0.006666666666666667 0.006666666666666667
0 0.4505 0.3375 0.006666666666666667 0.006666666666666667
0 0.4488333333333333 0.3225 0.006666666666666667 0.006666666666666667
0 0.4505 0.31616666666666665 0.006666666666666667 0.006666666666666667
0 0.42783333333333334 0.2781666666666667 0.006666666666666667 0.006666666666666667
0 0.4275 0.2655 0.006666666666666667 0.006666666666666667
0 0.4038333333333333 0.25883333333333336 0.006666666666666667 0.006666666666666667
0 0.4131666666666667 0.2585 0.006666666666666667 0.006666666666666667
0 0.4105 0.25016666666666665 0.006666666666666667 0.006666666666666667
0 0.4098333333333333 0.24516666666666667 0.006666666666666667 0.006666666666666667
0 0.4008333333333333 0.24416666666666667 0.006666666666666667 0.006666666666666667
0 0.4215 0.25716666666666665 0.006666666666666667 0.006666666666666667
0 0.4265 0.25383333333333336 0.006666666666666667 0.006666666666666667
0 0.4211666666666667 0.2485 0.006666666666666667 0.006666666666666667
0 0.41783333333333333 0.24616666666666667 0.006666666666666667 0.006666666666666667
0 0.42083333333333334 0.24516666666666667 0.006666666666666667 0.006666666666666667
0 0.43116666666666664 0.24783333333333332 0.006666666666666667 0.006666666666666667
0 0.4375 0.2475 0.006666666666666667 0.006666666666666667
0 0.4405 0.23816666666666667 0.006666666666666667 0.006666666666666667
0 0.44583333333333336 0.23416666666666666 0.006666666666666667 0.006666666666666667
0 0.4548333333333333 0.2535 0.006666666666666667 0.006666666666666667
0 0.4588333333333333 0.24716666666666667 0.006666666666666667 0.006666666666666667
0 0.4058333333333333 0.17116666666666666 0.006666666666666667 0.006666666666666667
0 0.4171666666666667 0.19383333333333333 0.006666666666666667 0.006666666666666667
0 0.45216666666666666 0.0775 0.006666666666666667 0.006666666666666667
0 0.44916666666666666 0.0845 0.006666666666666667 0.006666666666666667
0 0.3565 0.12416666666666666 0.006666666666666667 0.006666666666666667
0 0.3955 0.12083333333333333 0.006666666666666667 0.006666666666666667
0 0.5038333333333334 0.05583333333333333 0.006666666666666667 0.006666666666666667
0 0.5145 0.0975 0.006666666666666667 0.006666666666666667
0 0.5735 0.0165 0.006666666666666667 0.006666666666666667
0 0.5365 0.024166666666666666 0.006666666666666667 0.006666666666666667
0 0.5711666666666667 0.11183333333333334 0.006666666666666667 0.006666666666666667
0 0.37183333333333335 0.30416666666666664 0.006666666666666667 0.006666666666666667
0 0.30583333333333335 0.36516666666666664 0.006666666666666667 0.006666666666666667
0 0.3451666666666667 0.3411666666666667 0.006666666666666667 0.006666666666666667
0 0.37983333333333336 0.38716666666666666 0.006666666666666667 0.006666666666666667
0 0.4018333333333333 0.38216666666666665 0.006666666666666667 0.006666666666666667
0 0.4071666666666667 0.3795 0.006666666666666667 0.006666666666666667
0 0.4051666666666667 0.37583333333333335 0.006666666666666667 0.006666666666666667
0 0.3895 0.3505 0.006666666666666667 0.006666666666666667
0 0.3875 0.33916666666666667 0.006666666666666667 0.006666666666666667
0 0.40016666666666667 0.33916666666666667 0.006666666666666667 0.006666666666666667
0 0.4075 0.3411666666666667 0.006666666666666667 0.006666666666666667
0 0.4171666666666667 0.33916666666666667 0.006666666666666667 0.006666666666666667
0 0.4131666666666667 0.3338333333333333 0.006666666666666667 0.006666666666666667
0 0.42983333333333335 0.33116666666666666 0.006666666666666667 0.006666666666666667
0 0.41383333333333333 0.2985 0.006666666666666667 0.006666666666666667
0 0.43583333333333335 0.2785 0.006666666666666667 0.006666666666666667
0 0.4355 0.2745 0.006666666666666667 0.006666666666666667
0 0.4395 0.2718333333333333 0.006666666666666667 0.006666666666666667
0 0.4111666666666667 0.1365 0.006666666666666667 0.006666666666666667
0 0.39916666666666667 0.15183333333333332 0.006666666666666667 0.006666666666666667
0 0.3998333333333333 0.14516666666666667 0.006666666666666667 0.006666666666666667
0 0.38916666666666666 0.15316666666666667 0.006666666666666667 0.006666666666666667
0 0.3908333333333333 0.18783333333333332 0.006666666666666667 0.006666666666666667
0 0.37516666666666665 0.19983333333333334 0.006666666666666667 0.006666666666666667
0 0.37416666666666665 0.1805 0.006666666666666667 0.006666666666666667
0 0.35983333333333334 0.18283333333333332 0.006666666666666667 0.006666666666666667
0 0.3348333333333333 0.16983333333333334 0.006666666666666667 0.006666666666666667
0 0.3388333333333333 0.21283333333333335 0.006666666666666667 0.006666666666666667
0 0.42783333333333334 0.0505 0.006666666666666667 0.006666666666666667
0 0.4665 0.03383333333333333 0.006666666666666667 0.006666666666666667
0 0.4765 0.026166666666666668 0.006666666666666667 0.006666666666666667
0 0.43416666666666665 0.16183333333333333 0.006666666666666667 0.006666666666666667
0 0.37283333333333335 0.3845 0.006666666666666667 0.006666666666666667
0 0.36816666666666664 0.38116666666666665 0.006666666666666667 0.006666666666666667
0 0.34883333333333333 0.3845 0.006666666666666667 0.006666666666666667
0 0.3275 0.3875 0.006666666666666667 0.006666666666666667
0 0.33416666666666667 0.3745 0.006666666666666667 0.006666666666666667
0 0.33716666666666667 0.36683333333333334 0.006666666666666667 0.006666666666666667
0 0.3248333333333333 0.30716666666666664 0.006666666666666667 0.006666666666666667
0 0.32616666666666666 0.31683333333333336 0.006666666666666667 0.006666666666666667
0 0.3425 0.2815 0.006666666666666667 0.006666666666666667
0 0.2855 0.37516666666666665 0.006666666666666667 0.006666666666666667
0 0.2775 0.37616666666666665 0.006666666666666667 0.006666666666666667
0 0.2855 0.3265 0.006666666666666667 0.006666666666666667
0 0.38116666666666665 0.22816666666666666 0.006666666666666667 0.006666666666666667
0 0.3938333333333333 0.23316666666666666 0.006666666666666667 0.006666666666666667
0 0.4015 0.22916666666666666 0.006666666666666667 0.006666666666666667
0 0.39016666666666666 0.0955 0.006666666666666667 0.006666666666666667
0 0.2861666666666667 0.1515 0.006666666666666667 0.006666666666666667
0 0.26116666666666666 0.18216666666666667 0.006666666666666667 0.006666666666666667
0 0.38283333333333336 0.38116666666666665 0.006666666666666667 0.006666666666666667
0 0.38083333333333336 0.36616666666666664 0.006666666666666667 0.006666666666666667
0 0.43583333333333335 0.3621666666666667 0.006666666666666667 0.006666666666666667
0 0.4865 0.3795 0.006666666666666667 0.006666666666666667
0 0.4955 0.37583333333333335 0.006666666666666667 0.006666666666666667
0 0.4985 0.38483333333333336 0.006666666666666667 0.006666666666666667
0 0.6378333333333334 0.3551666666666667 0.006666666666666667 0.006666666666666667
0 0.6308333333333334 0.37183333333333335 0.006666666666666667 0.006666666666666667
0 0.6198333333333333 0.35083333333333333 0.006666666666666667 0.006666666666666667
0 0.6985 0.2638333333333333 0.006666666666666667 0.006666666666666667
0 0.6978333333333333 0.14683333333333334 0.006666666666666667 0.006666666666666667
0 0.6968333333333333 0.12916666666666668 0.006666666666666667 0.006666666666666667
0 0.3445 0.23783333333333334 0.006666666666666667 0.006666666666666667
0 0.37616666666666665 0.26016666666666666 0.006666666666666667 0.006666666666666667
0 0.4275 0.37016666666666664 0.006666666666666667 0.006666666666666667
0 0.34983333333333333 0.34883333333333333 0.006666666666666667 0.006666666666666667
0 0.3468333333333333 0.3135 0.006666666666666667 0.006666666666666667
0 0.32616666666666666 0.3795 0.006666666666666667 0.006666666666666667
0 0.3938333333333333 0.06383333333333334 0.006666666666666667 0.006666666666666667
0 0.4151666666666667 0.0525 0.006666666666666667 0.006666666666666667
0 0.5285 0.0265 0.006666666666666667 0.006666666666666667
0 0.39516666666666667 0.31383333333333335 0.006666666666666667 0.006666666666666667
0 0.5701666666666667 0.3348333333333333 0.006666666666666667 0.006666666666666667
0 0.6815 0.3298333333333333 0.006666666666666667 0.006666666666666667
0 0.6765 0.3245 0.006666666666666667 0.006666666666666667
0 0.6811666666666667 0.3155 0.006666666666666667 0.006666666666666667
0 0.7058333333333333 0.3695 0.006666666666666667 0.006666666666666667
0 0.7215 0.3535 0.006666666666666667 0.006666666666666667
0 0.7461666666666666 0.3315 0.006666666666666667 0.006666666666666667
0 0.7418333333333333 0.3388333333333333 0.006666666666666667 0.006666666666666667
0 0.6908333333333333 0.35983333333333334 0.006666666666666667 0.006666666666666667
0 0.8645 0.2715 0.006666666666666667 0.006666666666666667
0 0.7968333333333333 0.20383333333333334 0.006666666666666667 0.006666666666666667
0 0.45716666666666667 0.2845 0.006666666666666667 0.006666666666666667
0 0.4585 0.2781666666666667 0.006666666666666667 0.006666666666666667
0 0.45216666666666666 0.27616666666666667 0.006666666666666667 0.006666666666666667
0 0.46116666666666667 0.3065 0.006666666666666667 0.006666666666666667
0 0.4565 0.3005 0.006666666666666667 0.006666666666666667
0 0.4518333333333333 0.2975 0.006666666666666667 0.006666666666666667
0 0.43883333333333335 0.2911666666666667 0.006666666666666667 0.006666666666666667
0 0.4265 0.30583333333333335 0.006666666666666667 0.006666666666666667
0 0.4795 0.3055 0.006666666666666667 0.006666666666666667
0 0.4741666666666667 0.30683333333333335 0.006666666666666667 0.006666666666666667
0 0.47483333333333333 0.3248333333333333 0.006666666666666667 0.006666666666666667
0 0.49416666666666664 0.32283333333333336 0.006666666666666667 0.006666666666666667
0 0.5035 0.3265 0.006666666666666667 0.006666666666666667
0 0.5035 0.26616666666666666 0.006666666666666667 0.006666666666666667
0 0.5261666666666667 0.26716666666666666 0.006666666666666667 0.006666666666666667
0 0.49083333333333334 0.26316666666666666 0.006666666666666667 0.006666666666666667
0 0.49783333333333335 0.2535 0.006666666666666667 0.006666666666666667
0 0.4795 0.2718333333333333 0.006666666666666667 0.006666666666666667
0 0.47983333333333333 0.2635 0.006666666666666667 0.006666666666666667
0 0.48383333333333334 0.24616666666666667 0.006666666666666667 0.006666666666666667
0 0.5401666666666667 0.3315 0.006666666666666667 0.006666666666666667
0 0.5315 0.33116666666666666 0.006666666666666667 0.006666666666666667
0 0.37316666666666665 0.32416666666666666 0.006666666666666667 0.006666666666666667
0 0.5121666666666667 0.37683333333333335 0.006666666666666667 0.006666666666666667
0 0.3185 0.38916666666666666 0.006666666666666667 0.006666666666666667
0 0.32083333333333336 0.3958333333333333 0.006666666666666667 0.006666666666666667
0 0.3248333333333333 0.4041666666666667 0.006666666666666667 0.006666666666666667
0 0.3278333333333333 0.3945 0.006666666666666667 0.006666666666666667
0 0.33216666666666667 0.3908333333333333 0.006666666666666667 0.006666666666666667
0 0.3365 0.3945 0.006666666666666667 0.006666666666666667
0 0.3441666666666667 0.3988333333333333 0.006666666666666667 0.006666666666666667
0 0.3438333333333333 0.3935 0.006666666666666667 0.006666666666666667
0 0.3315 0.4065 0.006666666666666667 0.006666666666666667
0 0.36883333333333335 0.3955 0.006666666666666667 0.006666666666666667
0 0.36983333333333335 0.4038333333333333 0.006666666666666667 0.006666666666666667
0 0.3725 0.40016666666666667 0.006666666666666667 0.006666666666666667
0 0.4005 0.3895 0.006666666666666667 0.006666666666666667
0 0.43916666666666665 0.3998333333333333 0.006666666666666667 0.006666666666666667
0 0.4315 0.39916666666666667 0.006666666666666667 0.006666666666666667
0 0.43083333333333335 0.4071666666666667 0.006666666666666667 0.006666666666666667
0 0.4201666666666667 0.39016666666666666 0.006666666666666667 0.006666666666666667
0 0.4161666666666667 0.3905 0.006666666666666667 0.006666666666666667
0 0.4041666666666667 0.4058333333333333 0.006666666666666667 0.006666666666666667
0 0.4085 0.4008333333333333 0.006666666666666667 0.006666666666666667
0 0.42183333333333334 0.4031666666666667 0.006666666666666667 0.006666666666666667
0 0.4985 0.4051666666666667 0.006666666666666667 0.006666666666666667
0 0.3878333333333333 0.4101666666666667 0.006666666666666667 0.006666666666666667
0 0.39016666666666666 0.4065 0.006666666666666667 0.006666666666666667
0 0.3958333333333333 0.4008333333333333 0.006666666666666667 0.006666666666666667
0 0.4568333333333333 0.4058333333333333 0.006666666666666667 0.006666666666666667
0 0.4665 0.4031666666666667 0.006666666666666667 0.006666666666666667
0 0.12116666666666667 0.2648333333333333 0.006666666666666667 0.006666666666666667
0 0.1235 0.2525 0.006666666666666667 0.006666666666666667
0 0.1185 0.24716666666666667 0.006666666666666667 0.006666666666666667
0 0.11283333333333333 0.2445 0.006666666666666667 0.006666666666666667
0 0.0935 0.25683333333333336 0.006666666666666667 0.006666666666666667
0 0.2871666666666667 0.4245 0.006666666666666667 0.006666666666666667
0 0.2945 0.4185 0.006666666666666667 0.006666666666666667
0 0.29583333333333334 0.4111666666666667 0.006666666666666667 0.006666666666666667
0 0.30183333333333334 0.43116666666666664 0.006666666666666667 0.006666666666666667
0 0.29683333333333334 0.42783333333333334 0.006666666666666667 0.006666666666666667
0 0.30683333333333335 0.42283333333333334 0.006666666666666667 0.006666666666666667
0 0.31216666666666665 0.4231666666666667 0.006666666666666667 0.006666666666666667
0 0.2945 0.42683333333333334 0.006666666666666667 0.006666666666666667
0 0.3055 0.4241666666666667 0.006666666666666667 0.006666666666666667
0 0.31183333333333335 0.4241666666666667 0.006666666666666667 0.006666666666666667
0 0.31616666666666665 0.4195 0.006666666666666667 0.006666666666666667
0 0.32116666666666666 0.4181666666666667 0.006666666666666667 0.006666666666666667
0 0.3278333333333333 0.4171666666666667 0.006666666666666667 0.006666666666666667
0 0.3195 0.4275 0.006666666666666667 0.006666666666666667
0 0.3115 0.4315 0.006666666666666667 0.006666666666666667
0 0.36183333333333334 0.4305 0.006666666666666667 0.006666666666666667
0 0.3615 0.4241666666666667 0.006666666666666667 0.006666666666666667
0 0.35483333333333333 0.42783333333333334 0.006666666666666667 0.006666666666666667
0 0.3541666666666667 0.4225 0.006666666666666667 0.006666666666666667
0 0.3635 0.4315 0.006666666666666667 0.006666666666666667
0 0.36283333333333334 0.42483333333333334 0.006666666666666667 0.006666666666666667
0 0.37016666666666664 0.42583333333333334 0.006666666666666667 0.006666666666666667
0 0.37116666666666664 0.41383333333333333 0.006666666666666667 0.006666666666666667
0 0.35583333333333333 0.4265 0.006666666666666667 0.006666666666666667
0 0.3525 0.43083333333333335 0.006666666666666667 0.006666666666666667
0 0.14516666666666667 0.17616666666666667 0.006666666666666667 0.006666666666666667
0 0.14683333333333334 0.1685 0.006666666666666667 0.006666666666666667
0 0.08883333333333333 0.12083333333333333 0.006666666666666667 0.006666666666666667
0 0.06183333333333333 0.4195 0.006666666666666667 0.006666666666666667
0 0.22183333333333333 0.42983333333333335 0.006666666666666667 0.006666666666666667
0 0.2295 0.3918333333333333 0.006666666666666667 0.006666666666666667
0 0.22516666666666665 0.3735 0.006666666666666667 0.006666666666666667
0 0.24183333333333334 0.011166666666666667 0.006666666666666667 0.006666666666666667
0 0.2465 0.029166666666666667 0.006666666666666667 0.006666666666666667
0 0.24383333333333335 0.0395 0.006666666666666667 0.006666666666666667
0 0.19916666666666666 0.015833333333333335 0.006666666666666667 0.006666666666666667
0 0.19616666666666666 0.021166666666666667 0.006666666666666667 0.006666666666666667
0 0.1125 0.0445 0.006666666666666667 0.006666666666666667
0 0.12316666666666666 0.0505 0.006666666666666667 0.006666666666666667
0 0.18183333333333335 0.004166666666666667 0.006666666666666667 0.006666666666666667
0 0.19783333333333333 0.1445 0.006666666666666667 0.006666666666666667
0 0.042166666666666665 0.004833333333333334 0.006666666666666667 0.006666666666666667
0 0.07616666666666666 0.012166666666666666 0.006666666666666667 0.006666666666666667
0 0.0475 0.0275 0.006666666666666667 0.006666666666666667
0 0.17616666666666667 0.30716666666666664 0.006666666666666667 0.006666666666666667
0 0.19116666666666668 0.2925 0.006666666666666667 0.006666666666666667
0 0.1845 0.2828333333333333 0.006666666666666667 0.006666666666666667
0 0.08316666666666667 0.5358333333333334 0.006666666666666667 0.006666666666666667
0 0.017166666666666667 0.5505 0.006666666666666667 0.006666666666666667
0 0.0185 0.5598333333333333 0.006666666666666667 0.006666666666666667
0 0.0315 0.5601666666666667 0.006666666666666667 0.006666666666666667
0 0.19716666666666666 0.5245 0.006666666666666667 0.006666666666666667
0 0.13483333333333333 0.5355 0.006666666666666667 0.006666666666666667
0 0.12516666666666668 0.5381666666666667 0.006666666666666667 0.006666666666666667
0 0.13883333333333334 0.6161666666666666 0.006666666666666667 0.006666666666666667
0 0.0021666666666666666 0.6311666666666667 0.006666666666666667 0.006666666666666667
0 0.008166666666666666 0.6035 0.006666666666666667 0.006666666666666667
0 0.0025 0.6325 0.006666666666666667 0.006666666666666667
0 0.0018333333333333333 0.7428333333333333 0.006666666666666667 0.006666666666666667
0 0.2665 0.7428333333333333 0.006666666666666667 0.006666666666666667
0 0.2628333333333333 0.7581666666666667 0.006666666666666667 0.006666666666666667
0 0.2815 0.4805 0.006666666666666667 0.006666666666666667
0 0.29383333333333334 0.4761666666666667 0.006666666666666667 0.006666666666666667
0 0.3001666666666667 0.4821666666666667 0.006666666666666667 0.006666666666666667
0 0.2955 0.4745 0.006666666666666667 0.006666666666666667
0 0.2891666666666667 0.4645 0.006666666666666667 0.006666666666666667
0 0.1985 0.5601666666666667 0.006666666666666667 0.006666666666666667
0 0.20216666666666666 0.5575 0.006666666666666667 0.006666666666666667
0 0.2265 0.5878333333333333 0.006666666666666667 0.006666666666666667
0 0.2215 0.5685 0.006666666666666667 0.006666666666666667
0 0.22983333333333333 0.6101666666666666 0.006666666666666667 0.006666666666666667
0 0.2838333333333333 0.6148333333333333 0.006666666666666667 0.006666666666666667
0 0.29883333333333334 0.5921666666666666 0.006666666666666667 0.006666666666666667
0 0.11816666666666667 0.5025 0.006666666666666667 0.006666666666666667
0 0.1235 0.5018333333333334 0.006666666666666667 0.006666666666666667
0 0.1275 0.4975 0.006666666666666667 0.006666666666666667
0 0.0135 0.9778333333333333 0.006666666666666667 0.006666666666666667
0 0.008166666666666666 0.9828333333333333 0.006666666666666667 0.006666666666666667
0 0.05516666666666667 0.9985 0.006666666666666667 0.006666666666666667
0 0.08216666666666667 0.9871666666666666 0.006666666666666667 0.006666666666666667
0 0.07583333333333334 0.9865 0.006666666666666667 0.006666666666666667
0 0.0795 0.9795 0.006666666666666667 0.006666666666666667
0 0.07183333333333333 0.9775 0.006666666666666667 0.006666666666666667
0 0.027833333333333335 0.9455 0.006666666666666667 0.006666666666666667
0 0.016833333333333332 0.9421666666666667 0.006666666666666667 0.006666666666666667
0 0.0235 0.9308333333333333 0.006666666666666667 0.006666666666666667
0 0.03383333333333333 0.9278333333333333 0.006666666666666667 0.006666666666666667
0 0.011166666666666667 0.8951666666666667 0.006666666666666667 0.006666666666666667
0 0.0035 0.8971666666666667 0.006666666666666667 0.006666666666666667
0 0.0035 0.9071666666666667 0.006666666666666667 0.006666666666666667
0 0.016166666666666666 0.9121666666666667 0.006666666666666667 0.006666666666666667
0 0.05316666666666667 0.9041666666666667 0.006666666666666667 0.006666666666666667
0 0.058833333333333335 0.9065 0.006666666666666667 0.006666666666666667
0 0.06483333333333334 0.9058333333333334 0.006666666666666667 0.006666666666666667
0 0.0555 0.9208333333333333 0.006666666666666667 0.006666666666666667
0 0.06116666666666667 0.9178333333333333 0.006666666666666667 0.006666666666666667
0 0.04583333333333333 0.9311666666666667 0.006666666666666667 0.006666666666666667
0 0.04783333333333333 0.9241666666666667 0.006666666666666667 0.006666666666666667
0 0.0435 0.9148333333333334 0.006666666666666667 0.006666666666666667
0 0.04683333333333333 0.9361666666666667 0.006666666666666667 0.006666666666666667
0 0.07916666666666666 0.8768333333333334 0.006666666666666667 0.006666666666666667
0 0.0865 0.8718333333333333 0.006666666666666667 0.006666666666666667
0 0.1065 0.8811666666666667 0.006666666666666667 0.006666666666666667
0 0.10583333333333333 0.8761666666666666 0.006666666666666667 0.006666666666666667
0 0.12416666666666666 0.8875 0.006666666666666667 0.006666666666666667
0 0.11383333333333333 0.9038333333333334 0.006666666666666667 0.006666666666666667
0 0.09116666666666666 0.8951666666666667 0.006666666666666667 0.006666666666666667
0 0.08583333333333333 0.9021666666666667 0.006666666666666667 0.006666666666666667
0 0.1025 0.8955 0.006666666666666667 0.006666666666666667
0 0.04716666666666667 0.8635 0.006666666666666667 0.006666666666666667
0 0.013166666666666667 0.8471666666666666 0.006666666666666667 0.006666666666666667
0 0.0395 0.8361666666666666 0.006666666666666667 0.006666666666666667
0 0.06383333333333334 0.8088333333333333 0.006666666666666667 0.006666666666666667
0 0.07483333333333334 0.8375 0.006666666666666667 0.006666666666666667
0 0.06683333333333333 0.8425 0.006666666666666667 0.006666666666666667
0 0.04616666666666667 0.8161666666666667 0.006666666666666667 0.006666666666666667
0 0.13616666666666666 0.9491666666666667 0.006666666666666667 0.006666666666666667
0 0.13716666666666666 0.9088333333333334 0.006666666666666667 0.006666666666666667
0 0.14683333333333334 0.8758333333333334 0.006666666666666667 0.006666666666666667
0 0.1425 0.8621666666666666 0.006666666666666667 0.006666666666666667
0 0.1145 0.8468333333333333 0.006666666666666667 0.006666666666666667
0 0.10483333333333333 0.8508333333333333 0.006666666666666667 0.006666666666666667
0 0.1035 0.8295 0.006666666666666667 0.006666666666666667
0 0.11316666666666667 0.8251666666666667 0.006666666666666667 0.006666666666666667
0 0.12783333333333333 0.8311666666666667 0.006666666666666667 0.006666666666666667
0 0.1615 0.8171666666666667 0.006666666666666667 0.006666666666666667
0 0.1505 0.8181666666666667 0.006666666666666667 0.006666666666666667
0 0.13383333333333333 0.7978333333333333 0.006666666666666667 0.006666666666666667
0 0.08616666666666667 0.9105 0.006666666666666667 0.006666666666666667
0 0.07916666666666666 0.9105 0.006666666666666667 0.006666666666666667
0 0.1535 0.7728333333333334 0.006666666666666667 0.006666666666666667
0 0.2285 0.8065 0.006666666666666667 0.006666666666666667
0 0.24783333333333332 0.7838333333333334 0.006666666666666667 0.006666666666666667
0 0.2315 0.7828333333333334 0.006666666666666667 0.006666666666666667
0 0.16883333333333334 0.8418333333333333 0.006666666666666667 0.006666666666666667
0 0.1645 0.8565 0.006666666666666667 0.006666666666666667
0 0.16883333333333334 0.9535 0.006666666666666667 0.006666666666666667
0 0.25316666666666665 0.9208333333333333 0.006666666666666667 0.006666666666666667
0 0.2535 0.8985 0.006666666666666667 0.006666666666666667
0 0.24016666666666667 0.8485 0.006666666666666667 0.006666666666666667
0 0.21483333333333332 0.7905 0.006666666666666667 0.006666666666666667
0 0.22083333333333333 0.8025 0.006666666666666667 0.006666666666666667
0 0.2195 0.8151666666666667 0.006666666666666667 0.006666666666666667
0 0.2285 0.8181666666666667 0.006666666666666667 0.006666666666666667
0 0.23583333333333334 0.8191666666666667 0.006666666666666667 0.006666666666666667
0 0.2805 0.8311666666666667 0.006666666666666667 0.006666666666666667
0 0.2875 0.8168333333333333 0.006666666666666667 0.006666666666666667
0 0.2961666666666667 0.8331666666666667 0.006666666666666667 0.006666666666666667
0 0.30183333333333334 0.8135 0.006666666666666667 0.006666666666666667
0 0.2901666666666667 0.7295 0.006666666666666667 0.006666666666666667
0 0.3185 0.7635 0.006666666666666667 0.006666666666666667
0 0.3328333333333333 0.8331666666666667 0.006666666666666667 0.006666666666666667
0 0.32816666666666666 0.7745 0.006666666666666667 0.006666666666666667
0 0.30216666666666664 0.6975 0.006666666666666667 0.006666666666666667
0 0.3185 0.7025 0.006666666666666667 0.006666666666666667
0 0.2698333333333333 0.6515 0.006666666666666667 0.006666666666666667
0 0.27016666666666667 0.6638333333333334 0.006666666666666667 0.006666666666666667
0 0.041166666666666664 0.7985 0.006666666666666667 0.006666666666666667
0 0.0855 0.9581666666666667 0.006666666666666667 0.006666666666666667
0 0.0925 0.9471666666666667 0.006666666666666667 0.006666666666666667
0 0.2015 0.6778333333333333 0.006666666666666667 0.006666666666666667
0 0.24016666666666667 0.9025 0.006666666666666667 0.006666666666666667
0 0.21883333333333332 0.9245 0.006666666666666667 0.006666666666666667
0 0.20583333333333334 0.9371666666666667 0.006666666666666667 0.006666666666666667
0 0.10383333333333333 0.9978333333333333 0.006666666666666667 0.006666666666666667
0 0.32116666666666666 0.9081666666666667 0.006666666666666667 0.006666666666666667
0 0.39216666666666666 0.8441666666666666 0.006666666666666667 0.006666666666666667
0 0.3461666666666667 0.6905 0.006666666666666667 0.006666666666666667
0 0.35183333333333333 0.6781666666666667 0.006666666666666667 0.006666666666666667
0 0.3425 0.7035 0.006666666666666667 0.006666666666666667
0 0.24083333333333334 0.6701666666666667 0.006666666666666667 0.006666666666666667
0 0.3425 0.6548333333333334 0.006666666666666667 0.006666666666666667
0 0.3571666666666667 0.9225 0.006666666666666667 0.006666666666666667
0 0.4648333333333333 0.8488333333333333 0.006666666666666667 0.006666666666666667
0 0.48883333333333334 0.8025 0.006666666666666667 0.006666666666666667
0 0.5451666666666667 0.8075 0.006666666666666667 0.006666666666666667
0 0.5208333333333334 0.7488333333333334 0.006666666666666667 0.006666666666666667
0 0.5041666666666667 0.7365 0.006666666666666667 0.006666666666666667
0 0.5115 0.7328333333333333 0.006666666666666667 0.006666666666666667
0 0.5888333333333333 0.7001666666666667 0.006666666666666667 0.006666666666666667
0 0.6075 0.7088333333333333 0.006666666666666667 0.006666666666666667
0 0.6135 0.7281666666666666 0.006666666666666667 0.006666666666666667
0 0.6131666666666666 0.8191666666666667 0.006666666666666667 0.006666666666666667
0 0.6395 0.9475 0.006666666666666667 0.006666666666666667
0 0.4881666666666667 0.9911666666666666 0.006666666666666667 0.006666666666666667
0 0.4765 0.9555 0.006666666666666667 0.006666666666666667
0 0.3485 0.7341666666666666 0.006666666666666667 0.006666666666666667
0 0.4245 0.7048333333333333 0.006666666666666667 0.006666666666666667
0 0.5901666666666666 0.7455 0.006666666666666667 0.006666666666666667
0 0.5668333333333333 0.7421666666666666 0.006666666666666667 0.006666666666666667
0 0.5531666666666667 0.7308333333333333 0.006666666666666667 0.006666666666666667
0 0.5445 0.7648333333333334 0.006666666666666667 0.006666666666666667
0 0.6988333333333333 0.8991666666666667 0.006666666666666667 0.006666666666666667
0 0.6631666666666667 0.8621666666666666 0.006666666666666667 0.006666666666666667
0 0.5778333333333333 0.9471666666666667 0.006666666666666667 0.006666666666666667
0 0.5761666666666667 0.8291666666666667 0.006666666666666667 0.006666666666666667
0 0.5135 0.8921666666666667 0.006666666666666667 0.006666666666666667
0 0.5775 0.8678333333333333 0.006666666666666667 0.006666666666666667
0 0.5741666666666667 0.8638333333333333 0.006666666666666667 0.006666666666666667
0 0.5611666666666667 0.8828333333333334 0.006666666666666667 0.006666666666666667
0 0.6695 0.7181666666666666 0.006666666666666667 0.006666666666666667
0 0.6295 0.8958333333333334 0.006666666666666667 0.006666666666666667
0 0.2945 0.9645 0.006666666666666667 0.006666666666666667
0 0.36883333333333335 0.8858333333333334 0.006666666666666667 0.006666666666666667
0 0.5311666666666667 0.8365 0.006666666666666667 0.006666666666666667
0 0.5401666666666667 0.8191666666666667 0.006666666666666667 0.006666666666666667
0 0.5345 0.8168333333333333 0.006666666666666667 0.006666666666666667
0 0.4071666666666667 0.7568333333333334 0.006666666666666667 0.006666666666666667
0 0.30983333333333335 0.7251666666666666 0.006666666666666667 0.006666666666666667
0 0.30883333333333335 0.7131666666666666 0.006666666666666667 0.006666666666666667
0 0.4651666666666667 0.7651666666666667 0.006666666666666667 0.006666666666666667
0 0.4821666666666667 0.7395 0.006666666666666667 0.006666666666666667
0 0.8521666666666666 0.8751666666666666 0.006666666666666667 0.006666666666666667
0 0.8491666666666666 0.8781666666666667 0.006666666666666667 0.006666666666666667
0 0.8311666666666667 0.9181666666666667 0.006666666666666667 0.006666666666666667
0 0.8011666666666667 0.9151666666666667 0.006666666666666667 0.006666666666666667
0 0.8031666666666667 0.9501666666666667 0.006666666666666667 0.006666666666666667
0 0.9801666666666666 0.9185 0.006666666666666667 0.006666666666666667
0 0.9871666666666666 0.8948333333333334 0.006666666666666667 0.006666666666666667
0 0.9598333333333333 0.9361666666666667 0.006666666666666667 0.006666666666666667
0 0.9708333333333333 0.9281666666666667 0.006666666666666667 0.006666666666666667
0 0.9688333333333333 0.9178333333333333 0.006666666666666667 0.006666666666666667
0 0.9705 0.9105 0.006666666666666667 0.006666666666666667
0 0.9651666666666666 0.9041666666666667 0.006666666666666667 0.006666666666666667
0 0.9448333333333333 0.9281666666666667 0.006666666666666667 0.006666666666666667
0 0.9305 0.9161666666666667 0.006666666666666667 0.006666666666666667
0 0.9431666666666667 0.8988333333333334 0.006666666666666667 0.006666666666666667
0 0.9358333333333333 0.8831666666666667 0.006666666666666667 0.006666666666666667
0 0.8848333333333334 0.8631666666666666 0.006666666666666667 0.006666666666666667
0 0.8765 0.8588333333333333 0.006666666666666667 0.006666666666666667
0 0.8881666666666667 0.8561666666666666 0.006666666666666667 0.006666666666666667
0 0.8861666666666667 0.8268333333333333 0.006666666666666667 0.006666666666666667
0 0.8758333333333334 0.8171666666666667 0.006666666666666667 0.006666666666666667
0 0.8561666666666666 0.8371666666666666 0.006666666666666667 0.006666666666666667
0 0.8558333333333333 0.8285 0.006666666666666667 0.006666666666666667
0 0.8368333333333333 0.9265 0.006666666666666667 0.006666666666666667
0 0.8168333333333333 0.9801666666666666 0.006666666666666667 0.006666666666666667
0 0.8548333333333333 0.9361666666666667 0.006666666666666667 0.006666666666666667
0 0.8078333333333333 0.8751666666666666 0.006666666666666667 0.006666666666666667
0 0.8508333333333333 0.7468333333333333 0.006666666666666667 0.006666666666666667
0 0.8825 0.7168333333333333 0.006666666666666667 0.006666666666666667
0 0.8708333333333333 0.7151666666666666 0.006666666666666667 0.006666666666666667
0 0.8388333333333333 0.7118333333333333 0.006666666666666667 0.006666666666666667
0 0.8158333333333333 0.7338333333333333 0.006666666666666667 0.006666666666666667
0 0.8085 0.7358333333333333 0.006666666666666667 0.006666666666666667
0 0.9451666666666667 0.7231666666666666 0.006666666666666667 0.006666666666666667
0 0.9598333333333333 0.7305 0.006666666666666667 0.006666666666666667
0 0.9465 0.7001666666666667 0.006666666666666667 0.006666666666666667
0 0.9171666666666667 0.7571666666666667 0.006666666666666667 0.006666666666666667
0 0.8901666666666667 0.7881666666666667 0.006666666666666667 0.006666666666666667
0 0.8251666666666667 0.9611666666666666 0.006666666666666667 0.006666666666666667
0 0.9198333333333333 0.9571666666666667 0.006666666666666667 0.006666666666666667
0 0.9098333333333334 0.9365 0.006666666666666667 0.006666666666666667
0 0.8601666666666666 0.8985 0.006666666666666667 0.006666666666666667
0 0.8331666666666667 0.8621666666666666 0.006666666666666667 0.006666666666666667
0 0.8988333333333334 0.8365 0.006666666666666667 0.006666666666666667
0 0.9101666666666667 0.8378333333333333 0.006666666666666667 0.006666666666666667
0 0.9098333333333334 0.8478333333333333 0.006666666666666667 0.006666666666666667
0 0.8968333333333334 0.7818333333333334 0.006666666666666667 0.006666666666666667
0 0.8845 0.7325 0.006666666666666667 0.006666666666666667
0 0.8248333333333333 0.6711666666666667 0.006666666666666667 0.006666666666666667
0 0.8341666666666666 0.6681666666666667 0.006666666666666667 0.006666666666666667
0 0.7748333333333334 0.7611666666666667 0.006666666666666667 0.006666666666666667
0 0.7208333333333333 0.8171666666666667 0.006666666666666667 0.006666666666666667
0 0.7211666666666666 0.8648333333333333 0.006666666666666667 0.006666666666666667
0 0.9878333333333333 0.9841666666666666 0.006666666666666667 0.006666666666666667
0 0.9665 0.9591666666666666 0.006666666666666667 0.006666666666666667
0 0.8921666666666667 0.9431666666666667 0.006666666666666667 0.006666666666666667
0 0.9831666666666666 0.9511666666666667 0.006666666666666667 0.006666666666666667
0 0.9805 0.9771666666666666 0.006666666666666667 0.006666666666666667
0 0.6525 0.7941666666666667 0.006666666666666667 0.006666666666666667
0 0.5941666666666666 0.6651666666666667 0.006666666666666667 0.006666666666666667
0 0.6398333333333334 0.5651666666666667 0.006666666666666667 0.006666666666666667
0 0.6868333333333333 0.5761666666666667 0.006666666666666667 0.006666666666666667
0 0.7178333333333333 0.6001666666666666 0.006666666666666667 0.006666666666666667
0 0.7241666666666666 0.5991666666666666 0.006666666666666667 0.006666666666666667
0 0.7178333333333333 0.5421666666666667 0.006666666666666667 0.006666666666666667
0 0.8101666666666667 0.5218333333333334 0.006666666666666667 0.006666666666666667
0 0.8588333333333333 0.5568333333333333 0.006666666666666667 0.006666666666666667
0 0.8558333333333333 0.7168333333333333 0.006666666666666667 0.006666666666666667
0 0.6758333333333333 0.6265 0.006666666666666667 0.006666666666666667
0 0.5891666666666666 0.5248333333333334 0.006666666666666667 0.006666666666666667
0 0.5778333333333333 0.5471666666666667 0.006666666666666667 0.006666666666666667
0 0.5681666666666667 0.5685 0.006666666666666667 0.006666666666666667
0 0.5541666666666667 0.5661666666666667 0.006666666666666667 0.006666666666666667
0 0.6571666666666667 0.4661666666666667 0.006666666666666667 0.006666666666666667
0 0.6391666666666667 0.5048333333333334 0.006666666666666667 0.006666666666666667
0 0.6528333333333334 0.5158333333333334 0.006666666666666667 0.006666666666666667
0 0.6701666666666667 0.45116666666666666 0.006666666666666667 0.006666666666666667
0 0.6561666666666667 0.4505 0.006666666666666667 0.006666666666666667
0 0.6938333333333333 0.46116666666666667 0.006666666666666667 0.006666666666666667
0 0.5938333333333333 0.4905 0.006666666666666667 0.006666666666666667
0 0.6005 0.49083333333333334 0.006666666666666667 0.006666666666666667
0 0.6041666666666666 0.48683333333333334 0.006666666666666667 0.006666666666666667
0 0.6065 0.5088333333333334 0.006666666666666667 0.006666666666666667
0 0.5918333333333333 0.5158333333333334 0.006666666666666667 0.006666666666666667
0 0.5828333333333333 0.5338333333333334 0.006666666666666667 0.006666666666666667
0 0.5558333333333333 0.4585 0.006666666666666667 0.006666666666666667
0 0.9425 0.5045 0.006666666666666667 0.006666666666666667
0 0.9565 0.5025 0.006666666666666667 0.006666666666666667
0 0.9508333333333333 0.5085 0.006666666666666667 0.006666666666666667
0 0.8828333333333334 0.5205 0.006666666666666667 0.006666666666666667
0 0.8581666666666666 0.5221666666666667 0.006666666666666667 0.006666666666666667
0 0.6651666666666667 0.43583333333333335 0.006666666666666667 0.006666666666666667
0 0.7041666666666667 0.4088333333333333 0.006666666666666667 0.006666666666666667
0 0.6958333333333333 0.40016666666666667 0.006666666666666667 0.006666666666666667
0 0.7165 0.3938333333333333 0.006666666666666667 0.006666666666666667
0 0.7068333333333333 0.38416666666666666 0.006666666666666667 0.006666666666666667
0 0.7358333333333333 0.38616666666666666 0.006666666666666667 0.006666666666666667
0 0.7245 0.3865 0.006666666666666667 0.006666666666666667
0 0.7778333333333334 0.39016666666666666 0.006666666666666667 0.006666666666666667
0 0.7911666666666667 0.38616666666666666 0.006666666666666667 0.006666666666666667
0 0.7988333333333333 0.39416666666666667 0.006666666666666667 0.006666666666666667
0 0.8128333333333333 0.3988333333333333 0.006666666666666667 0.006666666666666667
0 0.8105 0.4021666666666667 0.006666666666666667 0.006666666666666667
0 0.8521666666666666 0.3958333333333333 0.006666666666666667 0.006666666666666667
0 0.9041666666666667 0.43416666666666665 0.006666666666666667 0.006666666666666667
0 0.9101666666666667 0.5811666666666667 0.006666666666666667 0.006666666666666667
0 0.8641666666666666 0.3908333333333333 0.006666666666666667 0.006666666666666667
0 0.8148333333333333 0.3858333333333333 0.006666666666666667 0.006666666666666667
0 0.6245 0.3965 0.006666666666666667 0.006666666666666667
0 0.5601666666666667 0.4285 0.006666666666666667 0.006666666666666667
0 0.5398333333333334 0.6785 0.006666666666666667 0.006666666666666667
0 0.5158333333333334 0.6598333333333334 0.006666666666666667 0.006666666666666667
0 0.5208333333333334 0.6538333333333334 0.006666666666666667 0.006666666666666667
0 0.7301666666666666 0.6301666666666667 0.006666666666666667 0.006666666666666667
0 0.9155 0.44516666666666665 0.006666666666666667 0.006666666666666667
0 0.9501666666666667 0.4395 0.006666666666666667 0.006666666666666667
0 0.9745 0.4185 0.006666666666666667 0.006666666666666667
0 0.9731666666666666 0.4111666666666667 0.006666666666666667 0.006666666666666667
0 0.9911666666666666 0.4055 0.006666666666666667 0.006666666666666667
0 0.9791666666666666 0.37516666666666665 0.006666666666666667 0.006666666666666667
0 0.9828333333333333 0.37283333333333335 0.006666666666666667 0.006666666666666667
0 0.9731666666666666 0.36283333333333334 0.006666666666666667 0.006666666666666667
0 0.6688333333333333 0.4145 0.006666666666666667 0.006666666666666667
0 0.6708333333333333 0.4235 0.006666666666666667 0.006666666666666667
0 0.5791666666666667 0.3715 0.006666666666666667 0.006666666666666667
0 0.5858333333333333 0.3645 0.006666666666666667 0.006666666666666667
0 0.6568333333333334 0.3631666666666667 0.006666666666666667 0.006666666666666667
0 0.8345 0.5798333333333333 0.006666666666666667 0.006666666666666667
0 0.7295 0.42583333333333334 0.006666666666666667 0.006666666666666667
0 0.8708333333333333 0.3425 0.006666666666666667 0.006666666666666667
0 0.8315 0.3475 0.006666666666666667 0.006666666666666667
0 0.8211666666666667 0.3611666666666667 0.006666666666666667 0.006666666666666667
0 0.7551666666666667 0.3968333333333333 0.006666666666666667 0.006666666666666667
0 0.7515 0.3928333333333333 0.006666666666666667 0.006666666666666667
0 0.7055 0.4161666666666667 0.006666666666666667 0.006666666666666667
0 0.9668333333333333 0.3155 0.006666666666666667 0.006666666666666667
0 0.9558333333333333 0.32316666666666666 0.006666666666666667 0.006666666666666667
0 0.9858333333333333 0.2945 0.006666666666666667 0.006666666666666667
0 0.7475 0.25583333333333336 0.006666666666666667 0.006666666666666667
0 0.5961666666666666 0.30483333333333335 0.006666666666666667 0.006666666666666667
0 0.5961666666666666 0.29183333333333333 0.006666666666666667 0.006666666666666667
0 0.5991666666666666 0.2865 0.006666666666666667 0.006666666666666667
0 0.6098333333333333 0.2835 0.006666666666666667 0.006666666666666667
0 0.5858333333333333 0.3345 0.006666666666666667 0.006666666666666667
0 0.5855 0.3405 0.006666666666666667 0.006666666666666667
0 0.8211666666666667 0.25216666666666665 0.006666666666666667 0.006666666666666667
0 0.9678333333333333 0.2665 0.006666666666666667 0.006666666666666667
0 0.6348333333333334 0.4305 0.006666666666666667 0.006666666666666667
0 0.8075 0.1025 0.006666666666666667 0.006666666666666667
0 0.9041666666666667 0.25516666666666665 0.006666666666666667 0.006666666666666667
0 0.5171666666666667 0.07683333333333334 0.006666666666666667 0.006666666666666667
0 0.5698333333333333 0.06383333333333334 0.006666666666666667 0.006666666666666667
0 0.5458333333333333 0.05216666666666667 0.006666666666666667 0.006666666666666667
0 0.4668333333333333 0.07816666666666666 0.006666666666666667 0.006666666666666667
0 0.4395 0.12616666666666668 0.006666666666666667 0.006666666666666667
0 0.4275 0.13083333333333333 0.006666666666666667 0.006666666666666667
0 0.43316666666666664 0.26816666666666666 0.006666666666666667 0.006666666666666667
0 0.4395 0.2638333333333333 0.006666666666666667 0.006666666666666667
0 0.42583333333333334 0.29883333333333334 0.006666666666666667 0.006666666666666667
0 0.26816666666666666 0.6138333333333333 0.006666666666666667 0.006666666666666667
0 0.2745 0.6001666666666666 0.006666666666666667 0.006666666666666667
0 0.2911666666666667 0.6031666666666666 0.006666666666666667 0.006666666666666667
0 0.3878333333333333 0.6081666666666666 0.006666666666666667 0.006666666666666667
0 0.3775 0.6121666666666666 0.006666666666666667 0.006666666666666667
0 0.4111666666666667 0.6095 0.006666666666666667 0.006666666666666667
0 0.38616666666666666 0.6438333333333334 0.006666666666666667 0.006666666666666667
0 0.4015 0.6571666666666667 0.006666666666666667 0.006666666666666667
0 0.42083333333333334 0.6661666666666667 0.006666666666666667 0.006666666666666667
0 0.4201666666666667 0.6461666666666667 0.006666666666666667 0.006666666666666667
0 0.39516666666666667 0.5361666666666667 0.006666666666666667 0.006666666666666667
0 0.46216666666666667 0.4115 0.006666666666666667 0.006666666666666667
0 0.45916666666666667 0.4161666666666667 0.006666666666666667 0.006666666666666667
0 0.45216666666666666 0.4121666666666667 0.006666666666666667 0.006666666666666667
0 0.44616666666666666 0.4105 0.006666666666666667 0.006666666666666667
0 0.44683333333333336 0.41883333333333334 0.006666666666666667 0.006666666666666667
0 0.45016666666666666 0.42583333333333334 0.006666666666666667 0.006666666666666667
0 0.43916666666666665 0.4185 0.006666666666666667 0.006666666666666667
0 0.4031666666666667 0.4161666666666667 0.006666666666666667 0.006666666666666667
0 0.4171666666666667 0.44016666666666665 0.006666666666666667 0.006666666666666667
0 0.4151666666666667 0.43416666666666665 0.006666666666666667 0.006666666666666667
0 0.41883333333333334 0.4315 0.006666666666666667 0.006666666666666667
0 0.4151666666666667 0.42283333333333334 0.006666666666666667 0.006666666666666667
0 0.4105 0.4395 0.006666666666666667 0.006666666666666667
0 0.49416666666666664 0.44916666666666666 0.006666666666666667 0.006666666666666667
0 0.5201666666666667 0.4181666666666667 0.006666666666666667 0.006666666666666667
0 0.4635 0.42783333333333334 0.006666666666666667 0.006666666666666667
0 0.42783333333333334 0.46016666666666667 0.006666666666666667 0.006666666666666667
0 0.38383333333333336 0.4795 0.006666666666666667 0.006666666666666667
0 0.38616666666666666 0.4865 0.006666666666666667 0.006666666666666667
0 0.37016666666666664 0.4688333333333333 0.006666666666666667 0.006666666666666667
0 0.37083333333333335 0.46216666666666667 0.006666666666666667 0.006666666666666667
0 0.5085 0.5541666666666667 0.006666666666666667 0.006666666666666667
0 0.3878333333333333 0.4345 0.006666666666666667 0.006666666666666667
0 0.38116666666666665 0.43216666666666664 0.006666666666666667 0.006666666666666667
0 0.3725 0.44683333333333336 0.006666666666666667 0.006666666666666667
0 0.36816666666666664 0.44183333333333336 0.006666666666666667 0.006666666666666667
0 0.3695 0.4518333333333333 0.006666666666666667 0.006666666666666667
0 0.3555 0.44016666666666665 0.006666666666666667 0.006666666666666667
0 0.3565 0.4555 0.006666666666666667 0.006666666666666667
0 0.3155 0.43883333333333335 0.006666666666666667 0.006666666666666667
0 0.30516666666666664 0.43783333333333335 0.006666666666666667 0.006666666666666667
0 0.30516666666666664 0.43783333333333335 0.006666666666666667 0.006666666666666667
0 0.30516666666666664 0.43883333333333335 0.006666666666666667 0.006666666666666667
0 0.42283333333333334 0.4955 0.006666666666666667 0.006666666666666667
0 0.4105 0.4895 0.006666666666666667 0.006666666666666667
0 0.4115 0.49083333333333334 0.006666666666666667 0.006666666666666667
0 0.2535 0.49283333333333335 0.006666666666666667 0.006666666666666667
0 0.2535 0.49283333333333335 0.006666666666666667 0.006666666666666667
0 0.33316666666666667 0.43783333333333335 0.006666666666666667 0.006666666666666667
0 0.3265 0.44216666666666665 0.006666666666666667 0.006666666666666667
0 0.39016666666666666 0.4731666666666667 0.006666666666666667 0.006666666666666667
0 0.38816666666666666 0.4455 0.006666666666666667 0.006666666666666667
0 0.3925 0.4515 0.006666666666666667 0.006666666666666667
0 0.24783333333333332 0.5615 0.006666666666666667 0.006666666666666667
0 0.2375 0.5571666666666667 0.006666666666666667 0.006666666666666667
0 0.24016666666666667 0.5605 0.006666666666666667 0.006666666666666667
0 0.24116666666666667 0.5668333333333333 0.006666666666666667 0.006666666666666667
0 0.26716666666666666 0.5008333333333334 0.006666666666666667 0.006666666666666667
0 0.26816666666666666 0.4955 0.006666666666666667 0.006666666666666667
0 0.25916666666666666 0.4945 0.006666666666666667 0.006666666666666667
0 0.3938333333333333 0.4655 0.006666666666666667 0.006666666666666667
0 0.38216666666666665 0.5365 0.006666666666666667 0.006666666666666667
0 0.4051666666666667 0.44616666666666666 0.006666666666666667 0.006666666666666667
0 0.4071666666666667 0.4525 0.006666666666666667 0.006666666666666667
0 0.41483333333333333 0.4518333333333333 0.006666666666666667 0.006666666666666667
0 0.4211666666666667 0.4518333333333333 0.006666666666666667 0.006666666666666667
0 0.4315 0.42783333333333334 0.006666666666666667 0.006666666666666667
0 0.4241666666666667 0.4295 0.006666666666666667 0.006666666666666667
0 0.4251666666666667 0.41483333333333333 0.006666666666666667 0.006666666666666667
0 0.4518333333333333 0.43316666666666664 0.006666666666666667 0.006666666666666667
0 0.44416666666666665 0.4265 0.006666666666666667 0.006666666666666667
0 0.43716666666666665 0.4261666666666667 0.006666666666666667 0.006666666666666667
0 0.35083333333333333 0.46016666666666667 0.006666666666666667 0.006666666666666667
0 0.44616666666666666 0.6901666666666667 0.006666666666666667 0.006666666666666667
0 0.45216666666666666 0.6798333333333333 0.006666666666666667 0.006666666666666667
0 0.3988333333333333 0.6945 0.006666666666666667 0.006666666666666667
0 0.3805 0.5998333333333333 0.006666666666666667 0.006666666666666667
0 0.5361666666666667 0.5725 0.006666666666666667 0.006666666666666667
0 0.37283333333333335 0.5251666666666667 0.006666666666666667 0.006666666666666667
0 0.43816666666666665 0.4548333333333333 0.006666666666666667 0.006666666666666667
0 0.44283333333333336 0.4741666666666667 0.006666666666666667 0.006666666666666667
0 0.4395 0.4475 0.006666666666666667 0.006666666666666667
0 0.6391666666666667 0.5185 0.006666666666666667 0.006666666666666667
0 0.6315 0.5171666666666667 0.006666666666666667 0.006666666666666667
0 0.30416666666666664 0.49683333333333335 0.006666666666666667 0.006666666666666667
0 0.30416666666666664 0.5085 0.006666666666666667 0.006666666666666667
0 0.29883333333333334 0.5225 0.006666666666666667 0.006666666666666667
0 0.2955 0.5248333333333334 0.006666666666666667 0.006666666666666667
0 0.3185 0.5348333333333334 0.006666666666666667 0.006666666666666667
0 0.4345 0.5338333333333334 0.006666666666666667 0.006666666666666667
0 0.3988333333333333 0.4245 0.006666666666666667 0.006666666666666667
0 0.3865 0.42683333333333334 0.006666666666666667 0.006666666666666667
0 0.39616666666666667 0.6188333333333333 0.006666666666666667 0.006666666666666667
0 0.4008333333333333 0.6135 0.006666666666666667 0.006666666666666667
0 0.4048333333333333 0.6105 0.006666666666666667 0.006666666666666667
0 0.2235 0.6015 0.006666666666666667 0.006666666666666667
0 0.24183333333333334 0.6008333333333333 0.006666666666666667 0.006666666666666667
0 0.21783333333333332 0.6075 0.006666666666666667 0.006666666666666667
0 0.22516666666666665 0.6371666666666667 0.006666666666666667 0.006666666666666667
0 0.2305 0.6341666666666667 0.006666666666666667 0.006666666666666667
0 0.6265 0.5905 0.006666666666666667 0.006666666666666667
0 0.6325 0.5798333333333333 0.006666666666666667 0.006666666666666667
0 0.6335 0.5701666666666667 0.006666666666666667 0.006666666666666667
0 0.7805 0.31183333333333335 0.006666666666666667 0.006666666666666667
0 0.7811666666666667 0.3395 0.006666666666666667 0.006666666666666667
0 0.8311666666666667 0.32283333333333336 0.006666666666666667 0.006666666666666667
0 0.8345 0.31316666666666665 0.006666666666666667 0.006666666666666667
0 0.8021666666666667 0.2668333333333333 0.006666666666666667 0.006666666666666667
0 0.6298333333333334 0.2665 0.006666666666666667 0.006666666666666667
0 0.6281666666666667 0.2795 0.006666666666666667 0.006666666666666667
0 0.9698333333333333 0.4485 0.006666666666666667 0.006666666666666667
0 0.7991666666666667 0.2825 0.006666666666666667 0.006666666666666667
0 0.5785 0.5198333333333334 0.006666666666666667 0.006666666666666667
0 0.5208333333333334 0.9138333333333334 0.006666666666666667 0.006666666666666667
0 0.31783333333333336 0.9321666666666667 0.006666666666666667 0.006666666666666667
0 0.5901666666666666 0.8371666666666666 0.006666666666666667 0.006666666666666667
0 0.44616666666666666 0.7451666666666666 0.006666666666666667 0.006666666666666667
0 0.7308333333333333 0.7711666666666667 0.006666666666666667 0.006666666666666667
0 0.4791666666666667 0.44716666666666666 0.006666666666666667 0.006666666666666667
0 0.5021666666666667 0.4615 0.006666666666666667 0.006666666666666667
0 0.4638333333333333 0.3765 0.006666666666666667 0.006666666666666667
0 0.6501666666666667 0.4765 0.006666666666666667 0.006666666666666667
0 0.6478333333333334 0.4865 0.006666666666666667 0.006666666666666667
0 0.7741666666666667 0.33416666666666667 0.006666666666666667 0.006666666666666667
0 0.7605 0.29783333333333334 0.006666666666666667 0.006666666666666667
0 0.7961666666666667 0.29983333333333334 0.006666666666666667 0.006666666666666667
0 0.7485 0.6025 0.006666666666666667 0.006666666666666667
0 0.7751666666666667 0.6165 0.006666666666666667 0.006666666666666667
0 0.7761666666666667 0.6305 0.006666666666666667 0.006666666666666667
0 0.8178333333333333 0.6241666666666666 0.006666666666666667 0.006666666666666667
0 0.8055 0.6401666666666667 0.006666666666666667 0.006666666666666667
0 0.8291666666666667 0.5858333333333333 0.006666666666666667 0.006666666666666667
0 0.8251666666666667 0.5445 0.006666666666666667 0.006666666666666667
0 0.5845 0.6611666666666667 0.006666666666666667 0.006666666666666667
0 0.5688333333333333 0.6598333333333334 0.006666666666666667 0.006666666666666667
0 0.8151666666666667 0.4841666666666667 0.006666666666666667 0.006666666666666667
0 0.8421666666666666 0.4558333333333333 0.006666666666666667 0.006666666666666667
0 0.9451666666666667 0.45216666666666666 0.006666666666666667 0.006666666666666667
0 0.9295 0.4555 0.006666666666666667 0.006666666666666667
0 0.5231666666666667 0.7331666666666666 0.006666666666666667 0.006666666666666667
0 0.42483333333333334 0.6785 0.006666666666666667 0.006666666666666667
0 0.27116666666666667 0.8745 0.006666666666666667 0.006666666666666667
0 0.19916666666666666 0.8768333333333334 0.006666666666666667 0.006666666666666667
0 0.09983333333333333 0.9151666666666667 0.006666666666666667 0.006666666666666667
0 0.06216666666666667 0.8181666666666667 0.006666666666666667 0.006666666666666667
0 0.18583333333333332 0.8268333333333333 0.006666666666666667 0.006666666666666667
0 0.11983333333333333 0.8521666666666666 0.006666666666666667 0.006666666666666667
0 0.1375 0.8598333333333333 0.006666666666666667 0.006666666666666667
0 0.1245 0.8678333333333333 0.006666666666666667 0.006666666666666667
0 0.09983333333333333 0.7031666666666667 0.006666666666666667 0.006666666666666667
0 0.21716666666666667 0.6128333333333333 0.006666666666666667 0.006666666666666667
0 0.15916666666666668 0.6018333333333333 0.006666666666666667 0.006666666666666667
0 0.12916666666666668 0.6515 0.006666666666666667 0.006666666666666667
0 0.22783333333333333 0.6408333333333334 0.006666666666666667 0.006666666666666667
0 0.12683333333333333 0.6621666666666667 0.006666666666666667 0.006666666666666667
0 0.13083333333333333 0.6568333333333334 0.006666666666666667 0.006666666666666667
0 0.14516666666666667 0.6321666666666667 0.006666666666666667 0.006666666666666667
0 0.1265 0.6151666666666666 0.006666666666666667 0.006666666666666667
0 0.0735 0.5438333333333333 0.006666666666666667 0.006666666666666667
0 0.2275 0.5265 0.006666666666666667 0.006666666666666667
0 0.23583333333333334 0.5378333333333334 0.006666666666666667 0.006666666666666667
0 0.36883333333333335 0.5328333333333334 0.006666666666666667 0.006666666666666667
0 0.3745 0.4935 0.006666666666666667 0.006666666666666667
0 0.49216666666666664 0.3355 0.006666666666666667 0.006666666666666667
0 0.48783333333333334 0.33216666666666667 0.006666666666666667 0.006666666666666667
0 0.5035 0.35083333333333333 0.006666666666666667 0.006666666666666667
0 0.5045 0.2708333333333333 0.006666666666666667 0.006666666666666667
0 0.5408333333333334 0.2841666666666667 0.006666666666666667 0.006666666666666667
0 0.43416666666666665 0.31116666666666665 0.006666666666666667 0.006666666666666667
0 0.5505 0.2718333333333333 0.006666666666666667 0.006666666666666667
0 0.4081666666666667 0.3465 0.006666666666666667 0.006666666666666667
0 0.7681666666666667 0.014166666666666666 0.006666666666666667 0.006666666666666667
0 0.9128333333333334 0.04816666666666667 0.006666666666666667 0.006666666666666667
0 0.9028333333333334 0.06883333333333333 0.006666666666666667 0.006666666666666667
0 0.9575 0.036166666666666666 0.006666666666666667 0.006666666666666667
0 0.9628333333333333 0.04083333333333333 0.006666666666666667 0.006666666666666667
0 0.9621666666666666 0.034166666666666665 0.006666666666666667 0.006666666666666667
0 0.9931666666666666 0.0585 0.006666666666666667 0.006666666666666667
0 0.9751666666666666 0.1155 0.006666666666666667 0.006666666666666667
0 0.9431666666666667 0.13216666666666665 0.006666666666666667 0.006666666666666667
0 0.8821666666666667 0.14616666666666667 0.006666666666666667 0.006666666666666667
0 0.8451666666666666 0.1435 0.006666666666666667 0.006666666666666667
0 0.8481666666666666 0.13883333333333334 0.006666666666666667 0.006666666666666667
0 0.8565 0.13216666666666665 0.006666666666666667 0.006666666666666667
0 0.8188333333333333 0.13116666666666665 0.006666666666666667 0.006666666666666667
0 0.8691666666666666 0.16116666666666668 0.006666666666666667 0.006666666666666667
0 0.8481666666666666 0.3855 0.006666666666666667 0.006666666666666667
0 0.8438333333333333 0.39916666666666667 0.006666666666666667 0.006666666666666667
0 0.8261666666666667 0.4041666666666667 0.006666666666666667 0.006666666666666667
0 0.7661666666666667 0.37383333333333335 0.006666666666666667 0.006666666666666667
0 0.5038333333333334 0.4965 0.006666666666666667 0.006666666666666667
0 0.5021666666666667 0.5108333333333334 0.006666666666666667 0.006666666666666667
0 0.14783333333333334 0.44916666666666666 0.006666666666666667 0.006666666666666667
0 0.1535 0.4455 0.006666666666666667 0.006666666666666667
0 0.15283333333333332 0.4645 0.006666666666666667 0.006666666666666667
0 0.1555 0.4415 0.006666666666666667 0.006666666666666667
0 0.14416666666666667 0.4578333333333333 0.006666666666666667 0.006666666666666667
0 0.1435 0.4718333333333333 0.006666666666666667 0.006666666666666667
0 0.11483333333333333 0.5265 0.006666666666666667 0.006666666666666667
0 0.12216666666666667 0.5185 0.006666666666666667 0.006666666666666667
0 0.2035 0.6441666666666667 0.006666666666666667 0.006666666666666667
0 0.2355 0.44316666666666665 0.006666666666666667 0.006666666666666667
0 0.2405 0.4385 0.006666666666666667 0.006666666666666667
0 0.2685 0.4801666666666667 0.006666666666666667 0.006666666666666667
0 0.2668333333333333 0.44316666666666665 0.006666666666666667 0.006666666666666667
0 0.44716666666666666 0.5561666666666667 0.006666666666666667 0.006666666666666667
0 0.39516666666666667 0.4345 0.006666666666666667 0.006666666666666667
0 0.4088333333333333 0.4131666666666667 0.006666666666666667 0.006666666666666667
0 0.2931666666666667 0.4068333333333333 0.006666666666666667 0.006666666666666667
0 0.38083333333333336 0.1925 0.006666666666666667 0.006666666666666667
0 0.5761666666666667 0.3461666666666667 0.006666666666666667 0.006666666666666667
0 0.5301666666666667 0.3388333333333333 0.006666666666666667 0.006666666666666667
0 0.3535 0.16683333333333333 0.006666666666666667 0.006666666666666667
0 0.09416666666666666 0.11916666666666667 0.006666666666666667 0.006666666666666667
0 0.021833333333333333 0.18283333333333332 0.006666666666666667 0.006666666666666667
0 0.2618333333333333 0.16083333333333333 0.006666666666666667 0.006666666666666667
0 0.23683333333333334 0.042166666666666665 0.006666666666666667 0.006666666666666667
0 0.1215 0.30683333333333335 0.006666666666666667 0.006666666666666667
0 0.09283333333333334 0.0225 0.006666666666666667 0.006666666666666667
0 0.5945 0.30916666666666665 0.006666666666666667 0.006666666666666667
0 0.0655 0.5115 0.006666666666666667 0.006666666666666667
0 0.16183333333333333 0.5291666666666667 0.006666666666666667 0.006666666666666667
0 0.2791666666666667 0.6088333333333333 0.006666666666666667 0.006666666666666667
0 0.28983333333333333 0.5585 0.006666666666666667 0.006666666666666667
0 0.4745 0.43183333333333335 0.006666666666666667 0.006666666666666667
0 0.47983333333333333 0.4275 0.006666666666666667 0.006666666666666667
0 0.4145 0.45616666666666666 0.006666666666666667 0.006666666666666667
0 0.3755 0.4225 0.006666666666666667 0.006666666666666667
0 0.36816666666666664 0.3705 0.006666666666666667 0.006666666666666667
0 0.37316666666666665 0.3685 0.006666666666666667 0.006666666666666667
0 0.3745 0.36516666666666664 0.006666666666666667 0.006666666666666667
0 0.3601666666666667 0.4705 0.006666666666666667 0.006666666666666667
0 0.3645 0.4711666666666667 0.006666666666666667 0.006666666666666667
0 0.35583333333333333 0.4665 0.006666666666666667 0.006666666666666667
0 0.35983333333333334 0.4185 0.006666666666666667 0.006666666666666667
0 0.3348333333333333 0.34883333333333333 0.006666666666666667 0.006666666666666667
